000 40 (512,512,1)
001 40 (512,512,1)
002 40 (512,512,1)
003 40 (512,512,1)
004 40 (512,512,1)
005 40 (512,512,1)
006 40 (512,512,1)
007 40 (512,512,1)
008 40 (512,512,1)
009 40 (512,512,1)
010 40 (512,512,1)
011 40 (512,512,1)
012 40 (512,512,1)
013 40 (512,512,1)
014 40 (512,512,1)
015 40 (512,512,1)
016 40 (512,512,1)
017 40 (512,512,1)
018 40 (512,512,1)
019 40 (512,512,1)
020 40 (512,512,1)
021 40 (512,512,1)
022 40 (512,512,1)
023 40 (512,512,1)
024 40 (512,512,1)
025 40 (512,512,1)
026 40 (512,512,1)
027 40 (512,512,1)
028 40 (512,512,1)
029 40 (512,512,1)
030 40 (512,512,1)
031 40 (512,512,1)
032 40 (512,512,1)
033 40 (512,512,1)
034 40 (512,512,1)
035 40 (512,512,1)
036 40 (512,512,1)
037 40 (512,512,1)
038 40 (512,512,1)
039 40 (512,512,1)
040 40 (512,512,1)
041 40 (512,512,1)
042 40 (512,512,1)
043 40 (512,512,1)
044 40 (512,512,1)
045 40 (512,512,1)
046 40 (512,512,1)
047 40 (512,512,1)
048 40 (512,512,1)
049 40 (512,512,1)
050 40 (512,512,1)
051 40 (512,512,1)
052 40 (512,512,1)
053 40 (512,512,1)
054 40 (512,512,1)
055 40 (512,512,1)
056 40 (512,512,1)
057 40 (512,512,1)
058 40 (512,512,1)
059 40 (512,512,1)
060 40 (512,512,1)
061 40 (512,512,1)
062 40 (512,512,1)
063 40 (512,512,1)
064 40 (512,512,1)
065 40 (512,512,1)
066 40 (512,512,1)
067 40 (512,512,1)
068 40 (512,512,1)
069 40 (512,512,1)
070 40 (512,512,1)
071 40 (512,512,1)
072 40 (512,512,1)
073 40 (512,512,1)
074 40 (512,512,1)
075 40 (512,512,1)
076 40 (512,512,1)
077 40 (512,512,1)
078 40 (512,512,1)
079 40 (512,512,1)
080 40 (512,512,1)
081 40 (512,512,1)
082 40 (512,512,1)
083 40 (512,512,1)
