0000 20 (410,324,1)
0001 20 (410,324,1)
0002 20 (410,324,1)
0003 20 (410,324,1)
0004 20 (410,324,1)
0005 20 (410,324,1)
0006 20 (410,324,1)
0007 20 (410,324,1)
0008 20 (410,324,1)
0009 20 (410,324,1)
0010 20 (410,324,1)
0011 20 (410,324,1)
0012 20 (410,324,1)
0013 20 (410,324,1)
0014 20 (410,324,1)
0015 20 (410,324,1)
0016 20 (410,324,1)
0017 20 (410,324,1)
0018 20 (410,324,1)
0019 20 (410,324,1)
0020 20 (410,324,1)
0021 20 (410,324,1)
0022 20 (410,324,1)
0023 20 (410,324,1)
0024 20 (410,324,1)
0025 20 (410,324,1)
0026 20 (410,324,1)
0027 20 (410,324,1)
0028 20 (410,324,1)
0029 20 (410,324,1)
0030 20 (410,324,1)
0031 20 (410,324,1)
0032 20 (410,324,1)
0033 20 (410,324,1)
0034 20 (410,324,1)
0035 20 (410,324,1)
0036 20 (410,324,1)
0037 20 (410,324,1)
0038 20 (410,324,1)
0039 20 (410,324,1)
0040 20 (410,324,1)
0041 20 (410,324,1)
0042 20 (410,324,1)
0043 20 (410,324,1)
0044 20 (410,324,1)
0045 20 (410,324,1)
0046 20 (410,324,1)
0047 20 (410,324,1)
0048 20 (410,324,1)
0049 20 (410,324,1)
0050 20 (410,324,1)
0051 20 (410,324,1)
0052 20 (410,324,1)
0053 20 (410,324,1)
0054 20 (410,324,1)
0055 20 (410,324,1)
0056 20 (410,324,1)
0057 20 (410,324,1)
0058 20 (410,324,1)
0059 20 (410,324,1)
0060 20 (410,324,1)
0061 20 (410,324,1)
0062 20 (410,324,1)
0063 20 (410,324,1)
0064 20 (410,324,1)
0065 20 (410,324,1)
0066 20 (410,324,1)
0067 20 (410,324,1)
0068 20 (410,324,1)
0069 20 (410,324,1)
0070 20 (410,324,1)
0071 20 (410,324,1)
0072 20 (410,324,1)
0073 20 (410,324,1)
0074 20 (410,324,1)
0075 20 (410,324,1)
0076 20 (410,324,1)
0077 20 (410,324,1)
0078 20 (410,324,1)
0079 20 (410,324,1)
0080 20 (410,324,1)
0081 20 (410,324,1)
0082 20 (410,324,1)
0083 20 (410,324,1)
0084 20 (410,324,1)
0085 20 (410,324,1)
0086 20 (410,324,1)
0087 20 (410,324,1)
0088 20 (410,324,1)
0089 20 (410,324,1)
0090 20 (410,324,1)
0091 20 (410,324,1)
0092 20 (410,324,1)
0093 20 (410,324,1)
0094 20 (410,324,1)
0095 20 (410,324,1)
0096 20 (410,324,1)
0097 20 (410,324,1)
0098 20 (410,324,1)
0099 20 (410,324,1)
0100 20 (410,324,1)
0101 20 (410,324,1)
0102 20 (410,324,1)
0103 20 (410,324,1)
0104 20 (410,324,1)
0105 20 (410,324,1)
0106 20 (410,324,1)
0107 20 (410,324,1)
0108 20 (410,324,1)
0109 20 (410,324,1)
0110 20 (410,324,1)
0111 20 (410,324,1)
0112 20 (410,324,1)
0113 20 (410,324,1)
0114 20 (410,324,1)
0115 20 (410,324,1)
0116 20 (410,324,1)
0117 20 (410,324,1)
0118 20 (410,324,1)
0119 20 (410,324,1)
0120 20 (410,324,1)
0121 20 (410,324,1)
0122 20 (410,324,1)
0123 20 (410,324,1)
0124 20 (410,324,1)
0125 20 (410,324,1)
0126 20 (410,324,1)
0127 20 (410,324,1)
0128 20 (410,324,1)
0129 20 (410,324,1)
0130 20 (410,324,1)
0131 20 (410,324,1)
0132 20 (410,324,1)
0133 20 (410,324,1)
0134 20 (410,324,1)
0135 20 (410,324,1)
0136 20 (410,324,1)
0137 20 (410,324,1)
0138 20 (410,324,1)
0139 20 (410,324,1)
0140 20 (410,324,1)
0141 20 (410,324,1)
0142 20 (410,324,1)
0143 20 (410,324,1)
0144 20 (410,324,1)
0145 20 (410,324,1)
0146 20 (410,324,1)
0147 20 (410,324,1)
0148 20 (410,324,1)
0149 20 (410,324,1)
0150 20 (410,324,1)
0151 20 (410,324,1)
0152 20 (410,324,1)
0153 20 (410,324,1)
0154 20 (410,324,1)
0155 20 (410,324,1)
0156 20 (410,324,1)
0157 20 (410,324,1)
0158 20 (410,324,1)
0159 20 (410,324,1)
0160 20 (410,324,1)
0161 20 (410,300,1)
0162 20 (410,300,1)
0163 20 (410,300,1)
0164 20 (410,300,1)
0165 20 (410,300,1)
0166 20 (410,300,1)
0167 20 (410,300,1)
0168 20 (410,300,1)
0169 20 (410,300,1)
0170 20 (410,300,1)
0171 20 (410,324,1)
0172 20 (410,300,1)
0173 20 (410,300,1)
0174 20 (410,300,1)
0175 20 (410,300,1)
0176 20 (410,300,1)
0177 20 (410,300,1)
0178 20 (410,300,1)
0179 20 (410,300,1)
0180 20 (410,300,1)
0181 20 (410,300,1)
0182 20 (410,324,1)
0183 20 (410,300,1)
0184 20 (410,300,1)
0185 20 (410,300,1)
0186 20 (410,300,1)
0187 20 (410,300,1)
0188 20 (410,300,1)
0189 20 (410,300,1)
0190 20 (410,300,1)
0191 20 (410,300,1)
0192 20 (410,300,1)
0193 20 (410,324,1)
0194 20 (410,300,1)
0195 20 (410,300,1)
0196 20 (410,300,1)
0197 20 (410,300,1)
0198 20 (410,300,1)
0199 20 (410,300,1)
0200 20 (410,300,1)
0201 20 (410,300,1)
0202 20 (410,300,1)
0203 20 (410,300,1)
0204 20 (410,324,1)
0205 20 (410,300,1)
0206 20 (410,300,1)
0207 20 (410,300,1)
0208 20 (410,300,1)
0209 20 (410,300,1)
0210 20 (410,300,1)
0211 20 (410,300,1)
0212 20 (410,300,1)
0213 20 (410,300,1)
0214 20 (410,300,1)
0215 20 (410,324,1)
0216 20 (410,300,1)
0217 20 (410,300,1)
0218 20 (410,300,1)
0219 20 (410,300,1)
0220 20 (410,300,1)
0221 20 (410,300,1)
0222 20 (410,300,1)
0223 20 (410,300,1)
0224 20 (410,300,1)
0225 20 (410,300,1)
0226 20 (410,324,1)
0227 20 (410,300,1)
0228 20 (410,300,1)
0229 20 (410,300,1)
0230 20 (410,300,1)
0231 20 (410,300,1)
0232 20 (410,300,1)
0233 20 (410,300,1)
0234 20 (410,300,1)
0235 20 (410,300,1)
0236 20 (410,300,1)
0237 20 (410,324,1)
0238 20 (410,300,1)
0239 20 (410,300,1)
0240 20 (410,300,1)
0241 20 (410,300,1)
0242 20 (410,300,1)
0243 20 (410,300,1)
0244 20 (410,300,1)
0245 20 (410,300,1)
0246 20 (410,300,1)
0247 20 (410,300,1)
0248 20 (410,324,1)
0249 20 (410,300,1)
0250 20 (410,300,1)
0251 20 (410,300,1)
0252 20 (410,300,1)
0253 20 (410,300,1)
0254 20 (410,300,1)
0255 20 (410,300,1)
0256 20 (410,300,1)
0257 20 (410,300,1)
0258 20 (410,300,1)
0259 20 (410,324,1)
0260 20 (410,300,1)
0261 20 (410,300,1)
0262 20 (410,300,1)
0263 20 (410,300,1)
0264 20 (410,300,1)
0265 20 (410,300,1)
0266 20 (410,300,1)
0267 20 (410,300,1)
0268 20 (410,300,1)
0269 20 (410,300,1)
0270 20 (410,324,1)
0271 20 (410,324,1)
0272 20 (410,300,1)
0273 20 (410,300,1)
0274 20 (410,300,1)
0275 20 (410,300,1)
0276 20 (410,300,1)
0277 20 (410,300,1)
0278 20 (410,300,1)
0279 20 (410,300,1)
0280 20 (410,300,1)
0281 20 (410,300,1)
0282 20 (410,324,1)
0283 20 (410,300,1)
0284 20 (410,300,1)
0285 20 (410,300,1)
0286 20 (410,300,1)
0287 20 (410,300,1)
0288 20 (410,300,1)
0289 20 (410,300,1)
0290 20 (410,300,1)
0291 20 (410,300,1)
0292 20 (410,300,1)
0293 20 (410,324,1)
0294 20 (410,300,1)
0295 20 (410,300,1)
0296 20 (410,300,1)
0297 20 (410,300,1)
0298 20 (410,300,1)
0299 20 (410,300,1)
0300 20 (410,300,1)
0301 20 (410,300,1)
0302 20 (410,300,1)
0303 20 (410,300,1)
0304 20 (410,324,1)
0305 20 (410,300,1)
0306 20 (410,300,1)
0307 20 (410,300,1)
0308 20 (410,300,1)
0309 20 (410,300,1)
0310 20 (410,300,1)
0311 20 (410,300,1)
0312 20 (410,300,1)
0313 20 (410,300,1)
0314 20 (410,300,1)
0315 20 (410,324,1)
0316 20 (410,300,1)
0317 20 (410,300,1)
0318 20 (410,300,1)
0319 20 (410,300,1)
0320 20 (410,300,1)
0321 20 (410,300,1)
0322 20 (410,300,1)
0323 20 (410,300,1)
0324 20 (410,300,1)
0325 20 (410,300,1)
0326 20 (410,324,1)
0327 20 (410,300,1)
0328 20 (410,300,1)
0329 20 (410,300,1)
0330 20 (410,300,1)
0331 20 (410,300,1)
0332 20 (410,300,1)
0333 20 (410,300,1)
0334 20 (410,300,1)
0335 20 (410,300,1)
0336 20 (410,300,1)
0337 20 (410,324,1)
0338 20 (410,300,1)
0339 20 (410,300,1)
0340 20 (410,300,1)
0341 20 (410,300,1)
0342 20 (410,300,1)
0343 20 (410,300,1)
0344 20 (410,300,1)
0345 20 (410,300,1)
0346 20 (410,300,1)
0347 20 (410,300,1)
0348 20 (410,324,1)
0349 20 (410,300,1)
0350 20 (410,300,1)
0351 20 (410,300,1)
0352 20 (410,300,1)
0353 20 (410,300,1)
0354 20 (410,300,1)
0355 20 (410,300,1)
0356 20 (410,300,1)
0357 20 (410,300,1)
0358 20 (410,300,1)
0359 20 (410,324,1)
0360 20 (410,300,1)
0361 20 (410,300,1)
0362 20 (410,300,1)
0363 20 (410,300,1)
0364 20 (410,300,1)
0365 20 (410,300,1)
0366 20 (410,300,1)
0367 20 (410,300,1)
0368 20 (410,300,1)
0369 20 (410,300,1)
0370 20 (410,324,1)
0371 20 (410,300,1)
0372 20 (410,300,1)
0373 20 (410,300,1)
0374 20 (410,300,1)
0375 20 (410,300,1)
0376 20 (410,300,1)
0377 20 (410,300,1)
0378 20 (410,300,1)
0379 20 (410,300,1)
0380 20 (410,300,1)
0381 20 (410,324,1)
0382 20 (410,324,1)
0383 20 (410,324,1)
0384 20 (410,324,1)
0385 20 (410,324,1)
0386 20 (410,324,1)
0387 20 (410,324,1)
0388 20 (410,300,1)
0389 20 (410,300,1)
0390 20 (410,300,1)
0391 20 (410,300,1)
0392 20 (410,300,1)
0393 20 (410,300,1)
0394 20 (410,300,1)
0395 20 (410,300,1)
0396 20 (410,300,1)
0397 20 (410,300,1)
0398 20 (410,324,1)
0399 20 (410,300,1)
0400 20 (410,300,1)
0401 20 (410,300,1)
0402 20 (410,300,1)
0403 20 (410,300,1)
0404 20 (410,300,1)
0405 20 (410,300,1)
0406 20 (410,300,1)
0407 20 (410,300,1)
0408 20 (410,300,1)
0409 20 (410,324,1)
0410 20 (410,300,1)
0411 20 (410,300,1)
0412 20 (410,300,1)
0413 20 (410,300,1)
0414 20 (410,300,1)
0415 20 (410,300,1)
0416 20 (410,300,1)
0417 20 (410,300,1)
0418 20 (410,300,1)
0419 20 (410,300,1)
0420 20 (410,324,1)
0421 20 (410,300,1)
0422 20 (410,300,1)
0423 20 (410,300,1)
0424 20 (410,300,1)
0425 20 (410,300,1)
0426 20 (410,300,1)
0427 20 (410,300,1)
0428 20 (410,300,1)
0429 20 (410,300,1)
0430 20 (410,300,1)
0431 20 (410,324,1)
0432 20 (410,300,1)
0433 20 (410,300,1)
0434 20 (410,300,1)
0435 20 (410,300,1)
0436 20 (410,300,1)
0437 20 (410,300,1)
0438 20 (410,300,1)
0439 20 (410,300,1)
0440 20 (410,300,1)
0441 20 (410,300,1)
0442 20 (410,324,1)
0443 20 (410,300,1)
0444 20 (410,300,1)
0445 20 (410,300,1)
0446 20 (410,300,1)
0447 20 (410,300,1)
0448 20 (410,300,1)
0449 20 (410,300,1)
0450 20 (410,300,1)
0451 20 (410,300,1)
0452 20 (410,300,1)
0453 20 (410,324,1)
0454 20 (410,324,1)
0455 20 (410,300,1)
0456 20 (410,300,1)
0457 20 (410,300,1)
0458 20 (410,300,1)
0459 20 (410,300,1)
0460 20 (410,300,1)
0461 20 (410,300,1)
0462 20 (410,300,1)
0463 20 (410,300,1)
0464 20 (410,300,1)
0465 20 (410,324,1)
0466 20 (410,300,1)
0467 20 (410,300,1)
0468 20 (410,300,1)
0469 20 (410,300,1)
0470 20 (410,300,1)
0471 20 (410,300,1)
0472 20 (410,300,1)
0473 20 (410,300,1)
0474 20 (410,300,1)
0475 20 (410,300,1)
0476 20 (410,324,1)
0477 20 (410,300,1)
0478 20 (410,300,1)
0479 20 (410,300,1)
0480 20 (410,300,1)
0481 20 (410,300,1)
0482 20 (410,300,1)
0483 20 (410,300,1)
0484 20 (410,300,1)
0485 20 (410,300,1)
0486 20 (410,300,1)
0487 20 (410,324,1)
0488 20 (410,300,1)
0489 20 (410,300,1)
0490 20 (410,300,1)
0491 20 (410,300,1)
0492 20 (410,300,1)
0493 20 (410,300,1)
0494 20 (410,300,1)
0495 20 (410,300,1)
0496 20 (410,300,1)
0497 20 (410,300,1)
0498 20 (410,324,1)
0499 20 (410,300,1)
0500 20 (410,300,1)
0501 20 (410,300,1)
0502 20 (410,300,1)
0503 20 (410,300,1)
0504 20 (410,300,1)
0505 20 (410,300,1)
0506 20 (410,300,1)
0507 20 (410,300,1)
0508 20 (410,300,1)
0509 20 (410,324,1)
0510 20 (410,300,1)
0511 20 (410,300,1)
0512 20 (410,300,1)
0513 20 (410,300,1)
0514 20 (410,300,1)
0515 20 (410,300,1)
0516 20 (410,300,1)
0517 20 (410,300,1)
0518 20 (410,300,1)
0519 20 (410,300,1)
0520 20 (410,324,1)
0521 20 (410,300,1)
0522 20 (410,300,1)
0523 20 (410,300,1)
0524 20 (410,300,1)
0525 20 (410,300,1)
0526 20 (410,300,1)
0527 20 (410,300,1)
0528 20 (410,300,1)
0529 20 (410,300,1)
0530 20 (410,300,1)
0531 20 (410,324,1)
0532 20 (410,300,1)
0533 20 (410,300,1)
0534 20 (410,300,1)
0535 20 (410,300,1)
0536 20 (410,300,1)
0537 20 (410,300,1)
0538 20 (410,300,1)
0539 20 (410,300,1)
0540 20 (410,300,1)
0541 20 (410,300,1)
0542 20 (410,324,1)
0543 20 (410,300,1)
0544 20 (410,300,1)
0545 20 (410,300,1)
0546 20 (410,300,1)
0547 20 (410,300,1)
0548 20 (410,300,1)
0549 20 (410,300,1)
0550 20 (410,300,1)
0551 20 (410,300,1)
0552 20 (410,300,1)
0553 20 (410,324,1)
0554 20 (410,300,1)
0555 20 (410,300,1)
0556 20 (410,300,1)
0557 20 (410,300,1)
0558 20 (410,300,1)
0559 20 (410,300,1)
0560 20 (410,300,1)
0561 20 (410,300,1)
0562 20 (410,300,1)
0563 20 (410,300,1)
0564 20 (410,324,1)
0565 20 (410,324,1)
0566 20 (410,300,1)
0567 20 (410,300,1)
0568 20 (410,300,1)
0569 20 (410,300,1)
0570 20 (410,300,1)
0571 20 (410,300,1)
0572 20 (410,300,1)
0573 20 (410,300,1)
0574 20 (410,300,1)
0575 20 (410,300,1)
0576 20 (410,324,1)
0577 20 (410,300,1)
0578 20 (410,300,1)
0579 20 (410,300,1)
0580 20 (410,300,1)
0581 20 (410,300,1)
0582 20 (410,300,1)
0583 20 (410,300,1)
0584 20 (410,300,1)
0585 20 (410,300,1)
0586 20 (410,300,1)
0587 20 (410,324,1)
0588 20 (410,300,1)
0589 20 (410,300,1)
0590 20 (410,300,1)
0591 20 (410,300,1)
0592 20 (410,300,1)
0593 20 (410,300,1)
0594 20 (410,300,1)
0595 20 (410,300,1)
0596 20 (410,300,1)
0597 20 (410,300,1)
0598 20 (410,324,1)
0599 20 (410,300,1)
0600 20 (410,300,1)
0601 20 (410,300,1)
0602 20 (410,300,1)
0603 20 (410,300,1)
0604 20 (410,300,1)
0605 20 (410,300,1)
0606 20 (410,300,1)
0607 20 (410,300,1)
0608 20 (410,300,1)
0609 20 (410,324,1)
0610 20 (410,300,1)
0611 20 (410,300,1)
0612 20 (410,300,1)
0613 20 (410,300,1)
0614 20 (410,300,1)
0615 20 (410,300,1)
0616 20 (410,300,1)
0617 20 (410,300,1)
0618 20 (410,300,1)
0619 20 (410,300,1)
0620 20 (410,324,1)
0621 20 (410,300,1)
0622 20 (410,300,1)
0623 20 (410,300,1)
0624 20 (410,300,1)
0625 20 (410,300,1)
0626 20 (410,300,1)
0627 20 (410,300,1)
0628 20 (410,300,1)
0629 20 (410,300,1)
0630 20 (410,300,1)
0631 20 (410,324,1)
0632 20 (410,300,1)
0633 20 (410,300,1)
0634 20 (410,300,1)
0635 20 (410,300,1)
0636 20 (410,300,1)
0637 20 (410,300,1)
0638 20 (410,300,1)
0639 20 (410,300,1)
0640 20 (410,300,1)
0641 20 (410,300,1)
0642 20 (410,324,1)
0643 20 (410,300,1)
0644 20 (410,300,1)
0645 20 (410,300,1)
0646 20 (410,300,1)
0647 20 (410,300,1)
0648 20 (410,300,1)
0649 20 (410,300,1)
0650 20 (410,300,1)
0651 20 (410,300,1)
0652 20 (410,300,1)
0653 20 (410,324,1)
0654 20 (410,300,1)
0655 20 (410,300,1)
0656 20 (410,300,1)
0657 20 (410,300,1)
0658 20 (410,300,1)
0659 20 (410,300,1)
0660 20 (410,300,1)
0661 20 (410,300,1)
0662 20 (410,300,1)
0663 20 (410,300,1)
0664 20 (410,324,1)
0665 20 (410,300,1)
0666 20 (410,300,1)
0667 20 (410,300,1)
0668 20 (410,300,1)
0669 20 (410,300,1)
0670 20 (410,300,1)
0671 20 (410,300,1)
0672 20 (410,300,1)
0673 20 (410,300,1)
0674 20 (410,300,1)
0675 20 (410,324,1)
0676 20 (410,324,1)
0677 20 (410,300,1)
0678 20 (410,300,1)
0679 20 (410,300,1)
0680 20 (410,300,1)
0681 20 (410,300,1)
0682 20 (410,300,1)
0683 20 (410,300,1)
0684 20 (410,300,1)
0685 20 (410,300,1)
0686 20 (410,300,1)
0687 20 (410,324,1)
0688 20 (410,300,1)
0689 20 (410,300,1)
0690 20 (410,300,1)
0691 20 (410,300,1)
0692 20 (410,300,1)
0693 20 (410,300,1)
0694 20 (410,300,1)
0695 20 (410,300,1)
0696 20 (410,300,1)
0697 20 (410,300,1)
0698 20 (410,324,1)
0699 20 (410,300,1)
0700 20 (410,300,1)
0701 20 (410,300,1)
0702 20 (410,300,1)
0703 20 (410,300,1)
0704 20 (410,300,1)
0705 20 (410,300,1)
0706 20 (410,300,1)
0707 20 (410,300,1)
0708 20 (410,300,1)
0709 20 (410,324,1)
0710 20 (410,300,1)
0711 20 (410,300,1)
0712 20 (410,300,1)
0713 20 (410,300,1)
0714 20 (410,300,1)
0715 20 (410,300,1)
0716 20 (410,300,1)
0717 20 (410,300,1)
0718 20 (410,300,1)
0719 20 (410,300,1)
0720 20 (410,324,1)
0721 20 (410,300,1)
0722 20 (410,300,1)
0723 20 (410,300,1)
0724 20 (410,300,1)
0725 20 (410,300,1)
0726 20 (410,300,1)
0727 20 (410,300,1)
0728 20 (410,300,1)
0729 20 (410,300,1)
0730 20 (410,300,1)
0731 20 (410,324,1)
0732 20 (410,300,1)
0733 20 (410,300,1)
0734 20 (410,300,1)
0735 20 (410,300,1)
0736 20 (410,300,1)
0737 20 (410,300,1)
0738 20 (410,300,1)
0739 20 (410,300,1)
0740 20 (410,300,1)
0741 20 (410,300,1)
0742 20 (410,324,1)
0743 20 (410,300,1)
0744 20 (410,300,1)
0745 20 (410,300,1)
0746 20 (410,300,1)
0747 20 (410,300,1)
0748 20 (410,300,1)
0749 20 (410,300,1)
0750 20 (410,300,1)
0751 20 (410,300,1)
0752 20 (410,300,1)
0753 20 (410,324,1)
0754 20 (410,300,1)
0755 20 (410,300,1)
0756 20 (410,300,1)
0757 20 (410,300,1)
0758 20 (410,300,1)
0759 20 (410,300,1)
0760 20 (410,300,1)
0761 20 (410,300,1)
0762 20 (410,300,1)
0763 20 (410,300,1)
0764 20 (410,324,1)
0765 20 (410,300,1)
0766 20 (410,300,1)
0767 20 (410,300,1)
0768 20 (410,300,1)
0769 20 (410,300,1)
0770 20 (410,300,1)
0771 20 (410,300,1)
0772 20 (410,300,1)
0773 20 (410,300,1)
0774 20 (410,300,1)
0775 20 (410,324,1)
0776 20 (410,300,1)
0777 20 (410,300,1)
0778 20 (410,300,1)
0779 20 (410,300,1)
0780 20 (410,300,1)
0781 20 (410,300,1)
0782 20 (410,300,1)
0783 20 (410,300,1)
0784 20 (410,300,1)
0785 20 (410,300,1)
0786 20 (410,324,1)
0787 20 (410,324,1)
0788 20 (410,300,1)
0789 20 (410,300,1)
0790 20 (410,300,1)
0791 20 (410,300,1)
0792 20 (410,300,1)
0793 20 (410,300,1)
0794 20 (410,300,1)
0795 20 (410,300,1)
0796 20 (410,300,1)
0797 20 (410,300,1)
0798 20 (410,324,1)
0799 20 (410,300,1)
0800 20 (410,300,1)
0801 20 (410,300,1)
0802 20 (410,300,1)
0803 20 (410,300,1)
0804 20 (410,300,1)
0805 20 (410,300,1)
0806 20 (410,300,1)
0807 20 (410,300,1)
0808 20 (410,300,1)
0809 20 (410,324,1)
0810 20 (410,300,1)
0811 20 (410,300,1)
0812 20 (410,300,1)
0813 20 (410,300,1)
0814 20 (410,300,1)
0815 20 (410,300,1)
0816 20 (410,300,1)
0817 20 (410,300,1)
0818 20 (410,300,1)
0819 20 (410,300,1)
0820 20 (410,324,1)
0821 20 (410,300,1)
0822 20 (410,300,1)
0823 20 (410,300,1)
0824 20 (410,300,1)
0825 20 (410,300,1)
0826 20 (410,300,1)
0827 20 (410,300,1)
0828 20 (410,300,1)
0829 20 (410,300,1)
0830 20 (410,300,1)
0831 20 (410,324,1)
0832 20 (410,300,1)
0833 20 (410,300,1)
0834 20 (410,300,1)
0835 20 (410,300,1)
0836 20 (410,300,1)
0837 20 (410,300,1)
0838 20 (410,300,1)
0839 20 (410,300,1)
0840 20 (410,300,1)
0841 20 (410,300,1)
0842 20 (410,324,1)
0843 20 (410,300,1)
0844 20 (410,300,1)
0845 20 (410,300,1)
0846 20 (410,300,1)
0847 20 (410,300,1)
0848 20 (410,300,1)
0849 20 (410,300,1)
0850 20 (410,300,1)
0851 20 (410,300,1)
0852 20 (410,300,1)
0853 20 (410,324,1)
0854 20 (410,300,1)
0855 20 (410,300,1)
0856 20 (410,300,1)
0857 20 (410,300,1)
0858 20 (410,300,1)
0859 20 (410,300,1)
0860 20 (410,300,1)
0861 20 (410,300,1)
0862 20 (410,300,1)
0863 20 (410,300,1)
0864 20 (410,324,1)
0865 20 (410,300,1)
0866 20 (410,300,1)
0867 20 (410,300,1)
0868 20 (410,300,1)
0869 20 (410,300,1)
0870 20 (410,300,1)
0871 20 (410,300,1)
0872 20 (410,300,1)
0873 20 (410,300,1)
0874 20 (410,300,1)
0875 20 (410,324,1)
0876 20 (410,300,1)
0877 20 (410,300,1)
0878 20 (410,300,1)
0879 20 (410,300,1)
0880 20 (410,300,1)
0881 20 (410,300,1)
0882 20 (410,300,1)
0883 20 (410,300,1)
0884 20 (410,300,1)
0885 20 (410,300,1)
0886 20 (410,324,1)
0887 20 (410,300,1)
0888 20 (410,300,1)
0889 20 (410,300,1)
0890 20 (410,300,1)
0891 20 (410,300,1)
0892 20 (410,300,1)
0893 20 (410,300,1)
0894 20 (410,300,1)
0895 20 (410,300,1)
0896 20 (410,300,1)
0897 20 (410,324,1)
0898 20 (410,324,1)
0899 20 (410,300,1)
0900 20 (410,300,1)
0901 20 (410,300,1)
0902 20 (410,300,1)
0903 20 (410,300,1)
0904 20 (410,300,1)
0905 20 (410,300,1)
0906 20 (410,300,1)
0907 20 (410,300,1)
0908 20 (410,300,1)
0909 20 (410,324,1)
0910 20 (410,300,1)
0911 20 (410,300,1)
0912 20 (410,300,1)
0913 20 (410,300,1)
0914 20 (410,300,1)
0915 20 (410,300,1)
0916 20 (410,300,1)
0917 20 (410,300,1)
0918 20 (410,300,1)
0919 20 (410,300,1)
0920 20 (410,324,1)
0921 20 (410,300,1)
0922 20 (410,300,1)
0923 20 (410,300,1)
0924 20 (410,300,1)
0925 20 (410,300,1)
0926 20 (410,300,1)
0927 20 (410,300,1)
0928 20 (410,300,1)
0929 20 (410,300,1)
0930 20 (410,300,1)
0931 20 (410,324,1)
0932 20 (410,300,1)
0933 20 (410,300,1)
0934 20 (410,300,1)
0935 20 (410,300,1)
0936 20 (410,300,1)
0937 20 (410,300,1)
0938 20 (410,300,1)
0939 20 (410,300,1)
0940 20 (410,300,1)
0941 20 (410,300,1)
0942 20 (410,324,1)
0943 20 (410,300,1)
0944 20 (410,300,1)
0945 20 (410,300,1)
0946 20 (410,300,1)
0947 20 (410,300,1)
0948 20 (410,300,1)
0949 20 (410,300,1)
0950 20 (410,300,1)
0951 20 (410,300,1)
0952 20 (410,300,1)
0953 20 (410,324,1)
0954 20 (410,300,1)
0955 20 (410,300,1)
0956 20 (410,300,1)
0957 20 (410,300,1)
0958 20 (410,300,1)
0959 20 (410,300,1)
0960 20 (410,300,1)
0961 20 (410,300,1)
0962 20 (410,300,1)
0963 20 (410,300,1)
0964 20 (410,324,1)
0965 20 (410,300,1)
0966 20 (410,300,1)
0967 20 (410,300,1)
0968 20 (410,300,1)
0969 20 (410,300,1)
0970 20 (410,300,1)
0971 20 (410,300,1)
0972 20 (410,300,1)
0973 20 (410,300,1)
0974 20 (410,300,1)
0975 20 (410,324,1)
0976 20 (410,300,1)
0977 20 (410,300,1)
0978 20 (410,300,1)
0979 20 (410,300,1)
0980 20 (410,300,1)
0981 20 (410,300,1)
0982 20 (410,300,1)
0983 20 (410,300,1)
0984 20 (410,300,1)
0985 20 (410,300,1)
0986 20 (410,324,1)
0987 20 (410,300,1)
0988 20 (410,300,1)
0989 20 (410,300,1)
0990 20 (410,300,1)
0991 20 (410,300,1)
0992 20 (410,300,1)
0993 20 (410,300,1)
0994 20 (410,300,1)
0995 20 (410,300,1)
0996 20 (410,300,1)
0997 20 (410,324,1)
0998 20 (410,300,1)
0999 20 (410,300,1)
1000 20 (410,300,1)
1001 20 (410,300,1)
1002 20 (410,300,1)
1003 20 (410,300,1)
1004 20 (410,300,1)
1005 20 (410,300,1)
1006 20 (410,300,1)
1007 20 (410,300,1)
1008 20 (410,324,1)
1009 20 (410,324,1)
1010 20 (410,300,1)
1011 20 (410,300,1)
1012 20 (410,300,1)
1013 20 (410,300,1)
1014 20 (410,300,1)
1015 20 (410,300,1)
1016 20 (410,300,1)
1017 20 (410,300,1)
1018 20 (410,300,1)
1019 20 (410,300,1)
1020 20 (410,324,1)
1021 20 (410,300,1)
1022 20 (410,300,1)
1023 20 (410,300,1)
1024 20 (410,300,1)
1025 20 (410,300,1)
1026 20 (410,300,1)
1027 20 (410,300,1)
1028 20 (410,300,1)
1029 20 (410,300,1)
1030 20 (410,300,1)
1031 20 (410,324,1)
1032 20 (410,300,1)
1033 20 (410,300,1)
1034 20 (410,300,1)
1035 20 (410,300,1)
1036 20 (410,300,1)
1037 20 (410,300,1)
1038 20 (410,300,1)
1039 20 (410,300,1)
1040 20 (410,300,1)
1041 20 (410,300,1)
1042 20 (410,324,1)
1043 20 (410,300,1)
1044 20 (410,300,1)
1045 20 (410,300,1)
1046 20 (410,300,1)
1047 20 (410,300,1)
1048 20 (410,300,1)
1049 20 (410,300,1)
1050 20 (410,300,1)
1051 20 (410,300,1)
1052 20 (410,300,1)
1053 20 (410,324,1)
1054 20 (410,300,1)
1055 20 (410,300,1)
1056 20 (410,300,1)
1057 20 (410,300,1)
1058 20 (410,300,1)
1059 20 (410,300,1)
1060 20 (410,300,1)
1061 20 (410,300,1)
1062 20 (410,300,1)
1063 20 (410,300,1)
1064 20 (410,324,1)
1065 20 (410,300,1)
1066 20 (410,300,1)
1067 20 (410,300,1)
1068 20 (410,300,1)
1069 20 (410,300,1)
1070 20 (410,300,1)
1071 20 (410,300,1)
1072 20 (410,300,1)
1073 20 (410,300,1)
1074 20 (410,300,1)
1075 20 (410,324,1)
1076 20 (410,300,1)
1077 20 (410,300,1)
1078 20 (410,300,1)
1079 20 (410,300,1)
1080 20 (410,300,1)
1081 20 (410,300,1)
1082 20 (410,300,1)
1083 20 (410,300,1)
1084 20 (410,300,1)
1085 20 (410,300,1)
1086 20 (410,324,1)
1087 20 (410,300,1)
1088 20 (410,300,1)
1089 20 (410,300,1)
1090 20 (410,300,1)
1091 20 (410,300,1)
1092 20 (410,300,1)
1093 20 (410,300,1)
1094 20 (410,300,1)
1095 20 (410,300,1)
1096 20 (410,300,1)
1097 20 (410,324,1)
1098 20 (410,300,1)
1099 20 (410,300,1)
1100 20 (410,300,1)
1101 20 (410,300,1)
1102 20 (410,300,1)
1103 20 (410,300,1)
1104 20 (410,300,1)
1105 20 (410,300,1)
1106 20 (410,300,1)
1107 20 (410,300,1)
1108 20 (410,324,1)
1109 20 (410,300,1)
1110 20 (410,300,1)
1111 20 (410,300,1)
1112 20 (410,300,1)
1113 20 (410,300,1)
1114 20 (410,300,1)
1115 20 (410,300,1)
1116 20 (410,300,1)
1117 20 (410,300,1)
1118 20 (410,300,1)
1119 20 (410,324,1)
1120 20 (410,324,1)
1121 20 (410,324,1)
1122 20 (410,324,1)
1123 20 (410,324,1)
1124 20 (410,324,1)
1125 20 (410,324,1)
1126 20 (410,324,1)
1127 20 (410,324,1)
1128 20 (410,300,1)
1129 20 (410,300,1)
1130 20 (410,300,1)
1131 20 (410,300,1)
1132 20 (410,300,1)
1133 20 (410,300,1)
1134 20 (410,300,1)
1135 20 (410,300,1)
1136 20 (410,300,1)
1137 20 (410,300,1)
1138 20 (410,324,1)
1139 20 (410,300,1)
1140 20 (410,300,1)
1141 20 (410,300,1)
1142 20 (410,300,1)
1143 20 (410,300,1)
1144 20 (410,300,1)
1145 20 (410,300,1)
1146 20 (410,300,1)
1147 20 (410,300,1)
1148 20 (410,300,1)
1149 20 (410,324,1)
1150 20 (410,300,1)
1151 20 (410,300,1)
1152 20 (410,300,1)
1153 20 (410,300,1)
1154 20 (410,300,1)
1155 20 (410,300,1)
1156 20 (410,300,1)
1157 20 (410,300,1)
1158 20 (410,300,1)
1159 20 (410,300,1)
1160 20 (410,324,1)
1161 20 (410,324,1)
1162 20 (410,300,1)
1163 20 (410,300,1)
1164 20 (410,300,1)
1165 20 (410,300,1)
1166 20 (410,300,1)
1167 20 (410,300,1)
1168 20 (410,300,1)
1169 20 (410,300,1)
1170 20 (410,300,1)
1171 20 (410,300,1)
1172 20 (410,324,1)
1173 20 (410,300,1)
1174 20 (410,300,1)
1175 20 (410,300,1)
1176 20 (410,300,1)
1177 20 (410,300,1)
1178 20 (410,300,1)
1179 20 (410,300,1)
1180 20 (410,300,1)
1181 20 (410,300,1)
1182 20 (410,300,1)
1183 20 (410,324,1)
1184 20 (410,300,1)
1185 20 (410,300,1)
1186 20 (410,300,1)
1187 20 (410,300,1)
1188 20 (410,300,1)
1189 20 (410,300,1)
1190 20 (410,300,1)
1191 20 (410,300,1)
1192 20 (410,300,1)
1193 20 (410,300,1)
1194 20 (410,324,1)
1195 20 (410,300,1)
1196 20 (410,300,1)
1197 20 (410,300,1)
1198 20 (410,300,1)
1199 20 (410,300,1)
1200 20 (410,300,1)
1201 20 (410,300,1)
1202 20 (410,300,1)
1203 20 (410,300,1)
1204 20 (410,300,1)
1205 20 (410,324,1)
1206 20 (410,300,1)
1207 20 (410,300,1)
1208 20 (410,300,1)
1209 20 (410,300,1)
1210 20 (410,300,1)
1211 20 (410,300,1)
1212 20 (410,300,1)
1213 20 (410,300,1)
1214 20 (410,300,1)
1215 20 (410,300,1)
1216 20 (410,324,1)
1217 20 (410,300,1)
1218 20 (410,300,1)
1219 20 (410,300,1)
1220 20 (410,300,1)
1221 20 (410,300,1)
1222 20 (410,300,1)
1223 20 (410,300,1)
1224 20 (410,300,1)
1225 20 (410,300,1)
1226 20 (410,300,1)
1227 20 (410,324,1)
1228 20 (410,300,1)
1229 20 (410,300,1)
1230 20 (410,300,1)
1231 20 (410,300,1)
1232 20 (410,300,1)
1233 20 (410,300,1)
1234 20 (410,300,1)
1235 20 (410,300,1)
1236 20 (410,300,1)
1237 20 (410,300,1)
1238 20 (410,324,1)
1239 20 (410,300,1)
1240 20 (410,300,1)
1241 20 (410,300,1)
1242 20 (410,300,1)
1243 20 (410,300,1)
1244 20 (410,300,1)
1245 20 (410,300,1)
1246 20 (410,300,1)
1247 20 (410,300,1)
1248 20 (410,300,1)
1249 20 (410,324,1)
1250 20 (410,300,1)
1251 20 (410,300,1)
1252 20 (410,300,1)
1253 20 (410,300,1)
1254 20 (410,300,1)
1255 20 (410,300,1)
1256 20 (410,300,1)
1257 20 (410,300,1)
1258 20 (410,300,1)
1259 20 (410,300,1)
1260 20 (410,324,1)
1261 20 (410,300,1)
1262 20 (410,300,1)
1263 20 (410,300,1)
1264 20 (410,300,1)
1265 20 (410,300,1)
1266 20 (410,300,1)
1267 20 (410,300,1)
1268 20 (410,300,1)
1269 20 (410,300,1)
1270 20 (410,300,1)
1271 20 (410,324,1)
1272 20 (410,324,1)
1273 20 (410,300,1)
1274 20 (410,300,1)
1275 20 (410,300,1)
1276 20 (410,300,1)
1277 20 (410,300,1)
1278 20 (410,300,1)
1279 20 (410,300,1)
1280 20 (410,300,1)
1281 20 (410,300,1)
1282 20 (410,300,1)
1283 20 (410,324,1)
1284 20 (410,300,1)
1285 20 (410,300,1)
1286 20 (410,300,1)
1287 20 (410,300,1)
1288 20 (410,300,1)
1289 20 (410,300,1)
1290 20 (410,300,1)
1291 20 (410,300,1)
1292 20 (410,300,1)
1293 20 (410,300,1)
1294 20 (410,324,1)
1295 20 (410,300,1)
1296 20 (410,300,1)
1297 20 (410,300,1)
1298 20 (410,300,1)
1299 20 (410,300,1)
1300 20 (410,300,1)
1301 20 (410,300,1)
1302 20 (410,300,1)
1303 20 (410,300,1)
1304 20 (410,300,1)
1305 20 (410,324,1)
1306 20 (410,300,1)
1307 20 (410,300,1)
1308 20 (410,300,1)
1309 20 (410,300,1)
1310 20 (410,300,1)
1311 20 (410,300,1)
1312 20 (410,300,1)
1313 20 (410,300,1)
1314 20 (410,300,1)
1315 20 (410,300,1)
1316 20 (410,324,1)
1317 20 (410,300,1)
1318 20 (410,300,1)
1319 20 (410,300,1)
1320 20 (410,300,1)
1321 20 (410,300,1)
1322 20 (410,300,1)
1323 20 (410,300,1)
1324 20 (410,300,1)
1325 20 (410,300,1)
1326 20 (410,300,1)
1327 20 (410,324,1)
1328 20 (410,300,1)
1329 20 (410,300,1)
1330 20 (410,300,1)
1331 20 (410,300,1)
1332 20 (410,300,1)
1333 20 (410,300,1)
1334 20 (410,300,1)
1335 20 (410,300,1)
1336 20 (410,300,1)
1337 20 (410,300,1)
1338 20 (410,324,1)
1339 20 (410,300,1)
1340 20 (410,300,1)
1341 20 (410,300,1)
1342 20 (410,300,1)
1343 20 (410,300,1)
1344 20 (410,300,1)
1345 20 (410,300,1)
1346 20 (410,300,1)
1347 20 (410,300,1)
1348 20 (410,300,1)
1349 20 (410,324,1)
1350 20 (410,300,1)
1351 20 (410,300,1)
1352 20 (410,300,1)
1353 20 (410,300,1)
1354 20 (410,300,1)
1355 20 (410,300,1)
1356 20 (410,300,1)
1357 20 (410,300,1)
1358 20 (410,300,1)
1359 20 (410,300,1)
1360 20 (410,324,1)
1361 20 (410,300,1)
1362 20 (410,300,1)
1363 20 (410,300,1)
1364 20 (410,300,1)
1365 20 (410,300,1)
1366 20 (410,300,1)
1367 20 (410,300,1)
1368 20 (410,300,1)
1369 20 (410,300,1)
1370 20 (410,300,1)
1371 20 (410,324,1)
1372 20 (410,300,1)
1373 20 (410,300,1)
1374 20 (410,300,1)
1375 20 (410,300,1)
1376 20 (410,300,1)
1377 20 (410,300,1)
1378 20 (410,300,1)
1379 20 (410,300,1)
1380 20 (410,300,1)
1381 20 (410,300,1)
1382 20 (410,324,1)
1383 20 (410,324,1)
1384 20 (410,324,1)
1385 20 (410,300,1)
1386 20 (410,300,1)
1387 20 (410,300,1)
1388 20 (410,300,1)
1389 20 (410,300,1)
1390 20 (410,300,1)
1391 20 (410,300,1)
1392 20 (410,300,1)
1393 20 (410,300,1)
1394 20 (410,300,1)
1395 20 (410,324,1)
1396 20 (410,300,1)
1397 20 (410,300,1)
1398 20 (410,300,1)
1399 20 (410,300,1)
1400 20 (410,300,1)
1401 20 (410,300,1)
1402 20 (410,300,1)
1403 20 (410,300,1)
1404 20 (410,300,1)
1405 20 (410,300,1)
1406 20 (410,324,1)
1407 20 (410,300,1)
1408 20 (410,300,1)
1409 20 (410,300,1)
1410 20 (410,300,1)
1411 20 (410,300,1)
1412 20 (410,300,1)
1413 20 (410,300,1)
1414 20 (410,300,1)
1415 20 (410,300,1)
1416 20 (410,300,1)
1417 20 (410,324,1)
1418 20 (410,300,1)
1419 20 (410,300,1)
1420 20 (410,300,1)
1421 20 (410,300,1)
1422 20 (410,300,1)
1423 20 (410,300,1)
1424 20 (410,300,1)
1425 20 (410,300,1)
1426 20 (410,300,1)
1427 20 (410,300,1)
1428 20 (410,324,1)
1429 20 (410,300,1)
1430 20 (410,300,1)
1431 20 (410,300,1)
1432 20 (410,300,1)
1433 20 (410,300,1)
1434 20 (410,300,1)
1435 20 (410,300,1)
1436 20 (410,300,1)
1437 20 (410,300,1)
1438 20 (410,300,1)
1439 20 (410,324,1)
1440 20 (410,300,1)
1441 20 (410,300,1)
1442 20 (410,300,1)
1443 20 (410,300,1)
1444 20 (410,300,1)
1445 20 (410,300,1)
1446 20 (410,300,1)
1447 20 (410,300,1)
1448 20 (410,300,1)
1449 20 (410,300,1)
1450 20 (410,324,1)
1451 20 (410,300,1)
1452 20 (410,300,1)
1453 20 (410,300,1)
1454 20 (410,300,1)
1455 20 (410,300,1)
1456 20 (410,300,1)
1457 20 (410,300,1)
1458 20 (410,300,1)
1459 20 (410,300,1)
1460 20 (410,300,1)
1461 20 (410,324,1)
1462 20 (410,300,1)
1463 20 (410,300,1)
1464 20 (410,300,1)
1465 20 (410,300,1)
1466 20 (410,300,1)
1467 20 (410,300,1)
1468 20 (410,300,1)
1469 20 (410,300,1)
1470 20 (410,300,1)
1471 20 (410,300,1)
1472 20 (410,324,1)
1473 20 (410,300,1)
1474 20 (410,300,1)
1475 20 (410,300,1)
1476 20 (410,300,1)
1477 20 (410,300,1)
1478 20 (410,300,1)
1479 20 (410,300,1)
1480 20 (410,300,1)
1481 20 (410,300,1)
1482 20 (410,300,1)
1483 20 (410,324,1)
1484 20 (410,300,1)
1485 20 (410,300,1)
1486 20 (410,300,1)
1487 20 (410,300,1)
1488 20 (410,300,1)
1489 20 (410,300,1)
1490 20 (410,300,1)
1491 20 (410,300,1)
1492 20 (410,300,1)
1493 20 (410,300,1)
1494 20 (410,324,1)
1495 20 (410,324,1)
1496 20 (410,300,1)
1497 20 (410,300,1)
1498 20 (410,300,1)
1499 20 (410,300,1)
1500 20 (410,300,1)
1501 20 (410,300,1)
1502 20 (410,300,1)
1503 20 (410,300,1)
1504 20 (410,300,1)
1505 20 (410,300,1)
1506 20 (410,324,1)
1507 20 (410,300,1)
1508 20 (410,300,1)
1509 20 (410,300,1)
1510 20 (410,300,1)
1511 20 (410,300,1)
1512 20 (410,300,1)
1513 20 (410,300,1)
1514 20 (410,300,1)
1515 20 (410,300,1)
1516 20 (410,300,1)
1517 20 (410,324,1)
1518 20 (410,300,1)
1519 20 (410,300,1)
1520 20 (410,300,1)
1521 20 (410,300,1)
1522 20 (410,300,1)
1523 20 (410,300,1)
1524 20 (410,300,1)
1525 20 (410,300,1)
1526 20 (410,300,1)
1527 20 (410,300,1)
1528 20 (410,324,1)
1529 20 (410,300,1)
1530 20 (410,300,1)
1531 20 (410,300,1)
1532 20 (410,300,1)
1533 20 (410,300,1)
1534 20 (410,300,1)
1535 20 (410,300,1)
1536 20 (410,300,1)
1537 20 (410,300,1)
1538 20 (410,300,1)
1539 20 (410,324,1)
1540 20 (410,300,1)
1541 20 (410,300,1)
1542 20 (410,300,1)
1543 20 (410,300,1)
1544 20 (410,300,1)
1545 20 (410,300,1)
1546 20 (410,300,1)
1547 20 (410,300,1)
1548 20 (410,300,1)
1549 20 (410,300,1)
1550 20 (410,324,1)
1551 20 (410,300,1)
1552 20 (410,300,1)
1553 20 (410,300,1)
1554 20 (410,300,1)
1555 20 (410,300,1)
1556 20 (410,300,1)
1557 20 (410,300,1)
1558 20 (410,300,1)
1559 20 (410,300,1)
1560 20 (410,300,1)
1561 20 (410,324,1)
1562 20 (410,300,1)
1563 20 (410,300,1)
1564 20 (410,300,1)
1565 20 (410,300,1)
1566 20 (410,300,1)
1567 20 (410,300,1)
1568 20 (410,300,1)
1569 20 (410,300,1)
1570 20 (410,300,1)
1571 20 (410,300,1)
1572 20 (410,324,1)
1573 20 (410,300,1)
1574 20 (410,300,1)
1575 20 (410,300,1)
1576 20 (410,300,1)
1577 20 (410,300,1)
1578 20 (410,300,1)
1579 20 (410,300,1)
1580 20 (410,300,1)
1581 20 (410,300,1)
1582 20 (410,300,1)
1583 20 (410,324,1)
1584 20 (410,300,1)
1585 20 (410,300,1)
1586 20 (410,300,1)
1587 20 (410,300,1)
1588 20 (410,300,1)
1589 20 (410,300,1)
1590 20 (410,300,1)
1591 20 (410,300,1)
1592 20 (410,300,1)
1593 20 (410,324,1)
1594 20 (410,324,1)
1595 20 (410,324,1)
1596 20 (410,324,1)
1597 20 (410,324,1)
1598 20 (410,324,1)
1599 20 (410,324,1)
1600 20 (410,324,1)
1601 20 (410,324,1)
1602 20 (410,324,1)
1603 20 (410,324,1)
1604 20 (410,324,1)
1605 20 (410,324,1)
1606 20 (410,324,1)
1607 20 (410,324,1)
1608 20 (410,324,1)
1609 20 (410,324,1)
1610 20 (410,324,1)
1611 20 (410,324,1)
1612 20 (410,324,1)
1613 20 (410,324,1)
1614 20 (410,324,1)
1615 20 (410,324,1)
1616 20 (410,324,1)
1617 20 (410,324,1)
1618 20 (410,324,1)
1619 20 (410,324,1)
1620 20 (410,324,1)
1621 20 (410,324,1)
1622 20 (410,324,1)
1623 20 (410,324,1)
1624 20 (410,324,1)
1625 20 (410,324,1)
1626 20 (410,324,1)
1627 20 (410,324,1)
1628 20 (410,324,1)
1629 20 (410,324,1)
1630 20 (410,324,1)
1631 20 (410,324,1)
1632 20 (410,324,1)
1633 20 (410,324,1)
1634 20 (410,324,1)
1635 20 (410,324,1)
1636 20 (410,324,1)
1637 20 (410,324,1)
1638 20 (410,324,1)
1639 20 (410,324,1)
1640 20 (440,286,1)
1641 20 (440,286,1)
1642 20 (440,286,1)
1643 20 (440,286,1)
1644 20 (440,286,1)
1645 20 (440,286,1)
1646 20 (440,286,1)
1647 20 (440,286,1)
1648 20 (440,286,1)
1649 20 (440,286,1)
1650 20 (410,324,1)
1651 20 (440,286,1)
1652 20 (440,286,1)
1653 20 (440,286,1)
1654 20 (440,286,1)
1655 20 (440,286,1)
1656 20 (440,286,1)
1657 20 (440,286,1)
1658 20 (440,286,1)
1659 20 (440,286,1)
1660 20 (440,286,1)
1661 20 (410,324,1)
1662 20 (440,286,1)
1663 20 (440,286,1)
1664 20 (440,286,1)
1665 20 (440,286,1)
1666 20 (440,286,1)
1667 20 (440,286,1)
1668 20 (440,286,1)
1669 20 (440,286,1)
1670 20 (440,286,1)
1671 20 (440,286,1)
1672 20 (410,324,1)
1673 20 (440,286,1)
1674 20 (440,286,1)
1675 20 (440,286,1)
1676 20 (440,286,1)
1677 20 (440,286,1)
1678 20 (440,286,1)
1679 20 (440,286,1)
1680 20 (440,286,1)
1681 20 (440,286,1)
1682 20 (440,286,1)
1683 20 (410,324,1)
1684 20 (440,286,1)
1685 20 (440,286,1)
1686 20 (440,286,1)
1687 20 (440,286,1)
1688 20 (440,286,1)
1689 20 (440,286,1)
1690 20 (440,286,1)
1691 20 (440,286,1)
1692 20 (440,286,1)
1693 20 (440,286,1)
1694 20 (410,324,1)
1695 20 (440,286,1)
1696 20 (440,286,1)
1697 20 (440,286,1)
1698 20 (440,286,1)
1699 20 (440,286,1)
1700 20 (440,286,1)
1701 20 (440,286,1)
1702 20 (440,286,1)
1703 20 (440,286,1)
1704 20 (440,286,1)
1705 20 (410,324,1)
1706 20 (440,286,1)
1707 20 (440,286,1)
1708 20 (440,286,1)
1709 20 (440,286,1)
1710 20 (440,286,1)
1711 20 (440,286,1)
1712 20 (440,286,1)
1713 20 (440,286,1)
1714 20 (440,286,1)
1715 20 (440,286,1)
1716 20 (410,324,1)
1717 20 (440,286,1)
1718 20 (440,286,1)
1719 20 (440,286,1)
1720 20 (440,286,1)
1721 20 (440,286,1)
1722 20 (440,286,1)
1723 20 (440,286,1)
1724 20 (440,286,1)
1725 20 (440,286,1)
1726 20 (440,286,1)
1727 20 (410,324,1)
1728 20 (440,286,1)
1729 20 (440,286,1)
1730 20 (440,286,1)
1731 20 (440,286,1)
1732 20 (440,286,1)
1733 20 (440,286,1)
1734 20 (440,286,1)
1735 20 (440,286,1)
1736 20 (440,286,1)
1737 20 (440,286,1)
1738 20 (410,324,1)
1739 20 (440,286,1)
1740 20 (440,286,1)
1741 20 (440,286,1)
1742 20 (440,286,1)
1743 20 (440,286,1)
1744 20 (440,286,1)
1745 20 (440,286,1)
1746 20 (440,286,1)
1747 20 (440,286,1)
1748 20 (440,286,1)
1749 20 (410,324,1)
1750 20 (410,324,1)
1751 20 (440,286,1)
1752 20 (440,286,1)
1753 20 (440,286,1)
1754 20 (440,286,1)
1755 20 (440,286,1)
1756 20 (440,286,1)
1757 20 (440,286,1)
1758 20 (440,286,1)
1759 20 (440,286,1)
1760 20 (440,286,1)
1761 20 (410,324,1)
1762 20 (440,286,1)
1763 20 (440,286,1)
1764 20 (440,286,1)
1765 20 (440,286,1)
1766 20 (440,286,1)
1767 20 (440,286,1)
1768 20 (440,286,1)
1769 20 (440,286,1)
1770 20 (440,286,1)
1771 20 (440,286,1)
1772 20 (410,324,1)
1773 20 (440,286,1)
1774 20 (440,286,1)
1775 20 (440,286,1)
1776 20 (440,286,1)
1777 20 (440,286,1)
1778 20 (440,286,1)
1779 20 (440,286,1)
1780 20 (440,286,1)
1781 20 (440,286,1)
1782 20 (440,286,1)
1783 20 (410,324,1)
1784 20 (440,286,1)
1785 20 (440,286,1)
1786 20 (440,286,1)
1787 20 (440,286,1)
1788 20 (440,286,1)
1789 20 (440,286,1)
1790 20 (440,286,1)
1791 20 (440,286,1)
1792 20 (440,286,1)
1793 20 (440,286,1)
1794 20 (410,324,1)
1795 20 (440,286,1)
1796 20 (440,286,1)
1797 20 (440,286,1)
1798 20 (440,286,1)
1799 20 (440,286,1)
1800 20 (440,286,1)
1801 20 (440,286,1)
1802 20 (440,286,1)
1803 20 (440,286,1)
1804 20 (440,286,1)
1805 20 (410,324,1)
1806 20 (440,286,1)
1807 20 (440,286,1)
1808 20 (440,286,1)
1809 20 (440,286,1)
1810 20 (440,286,1)
1811 20 (440,286,1)
1812 20 (440,286,1)
1813 20 (440,286,1)
1814 20 (440,286,1)
1815 20 (440,286,1)
1816 20 (410,324,1)
1817 20 (440,286,1)
1818 20 (440,286,1)
1819 20 (440,286,1)
1820 20 (440,286,1)
1821 20 (440,286,1)
1822 20 (440,286,1)
1823 20 (440,286,1)
1824 20 (440,286,1)
1825 20 (440,286,1)
1826 20 (440,286,1)
1827 20 (410,324,1)
1828 20 (440,286,1)
1829 20 (440,286,1)
1830 20 (440,286,1)
1831 20 (440,286,1)
1832 20 (440,286,1)
1833 20 (440,286,1)
1834 20 (440,286,1)
1835 20 (440,286,1)
1836 20 (440,286,1)
1837 20 (440,286,1)
1838 20 (410,324,1)
1839 20 (440,286,1)
1840 20 (440,286,1)
1841 20 (440,286,1)
1842 20 (440,286,1)
1843 20 (440,286,1)
1844 20 (440,286,1)
1845 20 (440,286,1)
1846 20 (440,286,1)
1847 20 (440,286,1)
1848 20 (440,286,1)
1849 20 (410,324,1)
1850 20 (440,286,1)
1851 20 (440,286,1)
1852 20 (440,286,1)
1853 20 (440,286,1)
1854 20 (440,286,1)
1855 20 (440,286,1)
1856 20 (440,286,1)
1857 20 (440,286,1)
1858 20 (440,286,1)
1859 20 (440,286,1)
1860 20 (410,324,1)
1861 20 (410,324,1)
1862 20 (440,286,1)
1863 20 (440,286,1)
1864 20 (440,286,1)
1865 20 (440,286,1)
1866 20 (440,286,1)
1867 20 (440,286,1)
1868 20 (440,286,1)
1869 20 (440,286,1)
1870 20 (440,286,1)
1871 20 (440,286,1)
1872 20 (410,324,1)
1873 20 (440,286,1)
1874 20 (440,286,1)
1875 20 (440,286,1)
1876 20 (440,286,1)
1877 20 (440,286,1)
1878 20 (440,286,1)
1879 20 (440,286,1)
1880 20 (440,286,1)
1881 20 (440,286,1)
1882 20 (440,286,1)
1883 20 (410,324,1)
1884 20 (440,286,1)
1885 20 (440,286,1)
1886 20 (440,286,1)
1887 20 (440,286,1)
1888 20 (440,286,1)
1889 20 (440,286,1)
1890 20 (440,286,1)
1891 20 (440,286,1)
1892 20 (440,286,1)
1893 20 (440,286,1)
1894 20 (410,324,1)
1895 20 (440,286,1)
1896 20 (440,286,1)
1897 20 (440,286,1)
1898 20 (440,286,1)
1899 20 (440,286,1)
1900 20 (440,286,1)
1901 20 (440,286,1)
1902 20 (440,286,1)
1903 20 (440,286,1)
1904 20 (440,286,1)
1905 20 (410,324,1)
1906 20 (440,286,1)
1907 20 (440,286,1)
1908 20 (440,286,1)
1909 20 (440,286,1)
1910 20 (440,286,1)
1911 20 (440,286,1)
1912 20 (440,286,1)
1913 20 (440,286,1)
1914 20 (440,286,1)
1915 20 (440,286,1)
1916 20 (410,324,1)
1917 20 (440,286,1)
1918 20 (440,286,1)
1919 20 (440,286,1)
1920 20 (440,286,1)
1921 20 (440,286,1)
1922 20 (440,286,1)
1923 20 (440,286,1)
1924 20 (440,286,1)
1925 20 (440,286,1)
1926 20 (440,286,1)
1927 20 (410,324,1)
1928 20 (440,286,1)
1929 20 (440,286,1)
1930 20 (440,286,1)
1931 20 (440,286,1)
1932 20 (440,286,1)
1933 20 (440,286,1)
1934 20 (440,286,1)
1935 20 (440,286,1)
1936 20 (440,286,1)
1937 20 (440,286,1)
1938 20 (410,324,1)
1939 20 (440,286,1)
1940 20 (440,286,1)
1941 20 (440,286,1)
1942 20 (440,286,1)
1943 20 (440,286,1)
1944 20 (440,286,1)
1945 20 (440,286,1)
1946 20 (440,286,1)
1947 20 (440,286,1)
1948 20 (440,286,1)
1949 20 (410,324,1)
1950 20 (440,286,1)
1951 20 (440,286,1)
1952 20 (440,286,1)
1953 20 (440,286,1)
1954 20 (440,286,1)
1955 20 (440,286,1)
1956 20 (440,286,1)
1957 20 (440,286,1)
1958 20 (440,286,1)
1959 20 (440,286,1)
1960 20 (410,324,1)
1961 20 (440,286,1)
1962 20 (440,286,1)
1963 20 (440,286,1)
1964 20 (440,286,1)
1965 20 (440,286,1)
1966 20 (440,286,1)
1967 20 (440,286,1)
1968 20 (440,286,1)
1969 20 (440,286,1)
1970 20 (440,286,1)
1971 20 (410,324,1)
1972 20 (410,324,1)
1973 20 (410,324,1)
1974 20 (410,324,1)
1975 20 (410,324,1)
1976 20 (410,324,1)
1977 20 (440,286,1)
1978 20 (440,286,1)
1979 20 (440,286,1)
1980 20 (440,286,1)
1981 20 (440,286,1)
1982 20 (440,286,1)
1983 20 (440,286,1)
1984 20 (440,286,1)
1985 20 (440,286,1)
1986 20 (440,286,1)
1987 20 (410,324,1)
1988 20 (440,286,1)
1989 20 (440,286,1)
1990 20 (440,286,1)
1991 20 (440,286,1)
1992 20 (440,286,1)
1993 20 (440,286,1)
1994 20 (440,286,1)
1995 20 (440,286,1)
1996 20 (440,286,1)
1997 20 (440,286,1)
1998 20 (410,324,1)
1999 20 (440,286,1)
2000 20 (440,286,1)
2001 20 (440,286,1)
2002 20 (440,286,1)
2003 20 (440,286,1)
2004 20 (440,286,1)
2005 20 (440,286,1)
2006 20 (440,286,1)
2007 20 (440,286,1)
2008 20 (440,286,1)
2009 20 (410,324,1)
2010 20 (440,286,1)
2011 20 (440,286,1)
2012 20 (440,286,1)
2013 20 (440,286,1)
2014 20 (440,286,1)
2015 20 (440,286,1)
2016 20 (440,286,1)
2017 20 (440,286,1)
2018 20 (440,286,1)
2019 20 (440,286,1)
2020 20 (410,324,1)
2021 20 (440,286,1)
2022 20 (440,286,1)
2023 20 (440,286,1)
2024 20 (440,286,1)
2025 20 (440,286,1)
2026 20 (440,286,1)
2027 20 (440,286,1)
2028 20 (440,286,1)
2029 20 (440,286,1)
2030 20 (440,286,1)
2031 20 (410,324,1)
2032 20 (440,286,1)
2033 20 (440,286,1)
2034 20 (440,286,1)
2035 20 (440,286,1)
2036 20 (440,286,1)
2037 20 (440,286,1)
2038 20 (440,286,1)
2039 20 (440,286,1)
2040 20 (440,286,1)
2041 20 (440,286,1)
2042 20 (410,324,1)
2043 20 (410,324,1)
2044 20 (410,324,1)
2045 20 (440,286,1)
2046 20 (440,286,1)
2047 20 (440,286,1)
2048 20 (440,286,1)
2049 20 (440,286,1)
2050 20 (440,286,1)
2051 20 (440,286,1)
2052 20 (440,286,1)
2053 20 (440,286,1)
2054 20 (440,286,1)
2055 20 (410,324,1)
2056 20 (440,286,1)
2057 20 (440,286,1)
2058 20 (440,286,1)
2059 20 (440,286,1)
2060 20 (440,286,1)
2061 20 (440,286,1)
2062 20 (440,286,1)
2063 20 (440,286,1)
2064 20 (440,286,1)
2065 20 (440,286,1)
2066 20 (410,324,1)
2067 20 (440,286,1)
2068 20 (440,286,1)
2069 20 (440,286,1)
2070 20 (440,286,1)
2071 20 (440,286,1)
2072 20 (440,286,1)
2073 20 (440,286,1)
2074 20 (440,286,1)
2075 20 (440,286,1)
2076 20 (440,286,1)
2077 20 (410,324,1)
2078 20 (440,286,1)
2079 20 (440,286,1)
2080 20 (440,286,1)
2081 20 (440,286,1)
2082 20 (440,286,1)
2083 20 (440,286,1)
2084 20 (440,286,1)
2085 20 (440,286,1)
2086 20 (440,286,1)
2087 20 (440,286,1)
2088 20 (410,324,1)
2089 20 (440,286,1)
2090 20 (440,286,1)
2091 20 (440,286,1)
2092 20 (440,286,1)
2093 20 (440,286,1)
2094 20 (440,286,1)
2095 20 (440,286,1)
2096 20 (440,286,1)
2097 20 (440,286,1)
2098 20 (440,286,1)
2099 20 (410,324,1)
2100 20 (440,286,1)
2101 20 (440,286,1)
2102 20 (440,286,1)
2103 20 (440,286,1)
2104 20 (440,286,1)
2105 20 (440,286,1)
2106 20 (440,286,1)
2107 20 (440,286,1)
2108 20 (440,286,1)
2109 20 (440,286,1)
2110 20 (410,324,1)
2111 20 (440,286,1)
2112 20 (440,286,1)
2113 20 (440,286,1)
2114 20 (440,286,1)
2115 20 (440,286,1)
2116 20 (440,286,1)
2117 20 (440,286,1)
2118 20 (440,286,1)
2119 20 (440,286,1)
2120 20 (440,286,1)
2121 20 (410,324,1)
2122 20 (440,286,1)
2123 20 (440,286,1)
2124 20 (440,286,1)
2125 20 (440,286,1)
2126 20 (440,286,1)
2127 20 (440,286,1)
2128 20 (440,286,1)
2129 20 (440,286,1)
2130 20 (440,286,1)
2131 20 (440,286,1)
2132 20 (410,324,1)
2133 20 (440,286,1)
2134 20 (440,286,1)
2135 20 (440,286,1)
2136 20 (440,286,1)
2137 20 (440,286,1)
2138 20 (440,286,1)
2139 20 (440,286,1)
2140 20 (440,286,1)
2141 20 (440,286,1)
2142 20 (440,286,1)
2143 20 (410,324,1)
2144 20 (440,286,1)
2145 20 (440,286,1)
2146 20 (440,286,1)
2147 20 (440,286,1)
2148 20 (440,286,1)
2149 20 (440,286,1)
2150 20 (440,286,1)
2151 20 (440,286,1)
2152 20 (440,286,1)
2153 20 (440,286,1)
2154 20 (410,324,1)
2155 20 (410,324,1)
2156 20 (440,286,1)
2157 20 (440,286,1)
2158 20 (440,286,1)
2159 20 (440,286,1)
2160 20 (440,286,1)
2161 20 (440,286,1)
2162 20 (440,286,1)
2163 20 (440,286,1)
2164 20 (440,286,1)
2165 20 (440,286,1)
2166 20 (410,324,1)
2167 20 (440,286,1)
2168 20 (440,286,1)
2169 20 (440,286,1)
2170 20 (440,286,1)
2171 20 (440,286,1)
2172 20 (440,286,1)
2173 20 (440,286,1)
2174 20 (440,286,1)
2175 20 (440,286,1)
2176 20 (440,286,1)
2177 20 (410,324,1)
2178 20 (440,286,1)
2179 20 (440,286,1)
2180 20 (440,286,1)
2181 20 (440,286,1)
2182 20 (440,286,1)
2183 20 (440,286,1)
2184 20 (440,286,1)
2185 20 (440,286,1)
2186 20 (440,286,1)
2187 20 (440,286,1)
2188 20 (410,324,1)
2189 20 (440,286,1)
2190 20 (440,286,1)
2191 20 (440,286,1)
2192 20 (440,286,1)
2193 20 (440,286,1)
2194 20 (440,286,1)
2195 20 (440,286,1)
2196 20 (440,286,1)
2197 20 (440,286,1)
2198 20 (440,286,1)
2199 20 (410,324,1)
2200 20 (440,286,1)
2201 20 (440,286,1)
2202 20 (440,286,1)
2203 20 (440,286,1)
2204 20 (440,286,1)
2205 20 (440,286,1)
2206 20 (440,286,1)
2207 20 (440,286,1)
2208 20 (440,286,1)
2209 20 (440,286,1)
2210 20 (410,324,1)
2211 20 (440,286,1)
2212 20 (440,286,1)
2213 20 (440,286,1)
2214 20 (440,286,1)
2215 20 (440,286,1)
2216 20 (440,286,1)
2217 20 (440,286,1)
2218 20 (440,286,1)
2219 20 (440,286,1)
2220 20 (440,286,1)
2221 20 (410,324,1)
2222 20 (440,286,1)
2223 20 (440,286,1)
2224 20 (440,286,1)
2225 20 (440,286,1)
2226 20 (440,286,1)
2227 20 (440,286,1)
2228 20 (440,286,1)
2229 20 (440,286,1)
2230 20 (440,286,1)
2231 20 (440,286,1)
2232 20 (410,324,1)
2233 20 (440,286,1)
2234 20 (440,286,1)
2235 20 (440,286,1)
2236 20 (440,286,1)
2237 20 (440,286,1)
2238 20 (440,286,1)
2239 20 (440,286,1)
2240 20 (440,286,1)
2241 20 (440,286,1)
2242 20 (440,286,1)
2243 20 (410,324,1)
2244 20 (440,286,1)
2245 20 (440,286,1)
2246 20 (440,286,1)
2247 20 (440,286,1)
2248 20 (440,286,1)
2249 20 (440,286,1)
2250 20 (440,286,1)
2251 20 (440,286,1)
2252 20 (440,286,1)
2253 20 (440,286,1)
2254 20 (410,324,1)
2255 20 (440,286,1)
2256 20 (440,286,1)
2257 20 (440,286,1)
2258 20 (440,286,1)
2259 20 (440,286,1)
2260 20 (440,286,1)
2261 20 (440,286,1)
2262 20 (440,286,1)
2263 20 (440,286,1)
2264 20 (440,286,1)
2265 20 (410,324,1)
2266 20 (410,324,1)
2267 20 (440,286,1)
2268 20 (440,286,1)
2269 20 (440,286,1)
2270 20 (440,286,1)
2271 20 (440,286,1)
2272 20 (440,286,1)
2273 20 (440,286,1)
2274 20 (440,286,1)
2275 20 (440,286,1)
2276 20 (440,286,1)
2277 20 (410,324,1)
2278 20 (440,286,1)
2279 20 (440,286,1)
2280 20 (440,286,1)
2281 20 (440,286,1)
2282 20 (440,286,1)
2283 20 (440,286,1)
2284 20 (440,286,1)
2285 20 (440,286,1)
2286 20 (440,286,1)
2287 20 (440,286,1)
2288 20 (410,324,1)
2289 20 (440,286,1)
2290 20 (440,286,1)
2291 20 (440,286,1)
2292 20 (440,286,1)
2293 20 (440,286,1)
2294 20 (440,286,1)
2295 20 (440,286,1)
2296 20 (440,286,1)
2297 20 (440,286,1)
2298 20 (440,286,1)
2299 20 (410,324,1)
2300 20 (440,286,1)
2301 20 (440,286,1)
2302 20 (440,286,1)
2303 20 (440,286,1)
2304 20 (440,286,1)
2305 20 (440,286,1)
2306 20 (440,286,1)
2307 20 (440,286,1)
2308 20 (440,286,1)
2309 20 (440,286,1)
2310 20 (410,324,1)
2311 20 (440,286,1)
2312 20 (440,286,1)
2313 20 (440,286,1)
2314 20 (440,286,1)
2315 20 (440,286,1)
2316 20 (440,286,1)
2317 20 (440,286,1)
2318 20 (440,286,1)
2319 20 (440,286,1)
2320 20 (440,286,1)
2321 20 (410,324,1)
2322 20 (440,286,1)
2323 20 (440,286,1)
2324 20 (440,286,1)
2325 20 (440,286,1)
2326 20 (440,286,1)
2327 20 (440,286,1)
2328 20 (440,286,1)
2329 20 (440,286,1)
2330 20 (440,286,1)
2331 20 (440,286,1)
2332 20 (410,324,1)
2333 20 (440,286,1)
2334 20 (440,286,1)
2335 20 (440,286,1)
2336 20 (440,286,1)
2337 20 (440,286,1)
2338 20 (440,286,1)
2339 20 (440,286,1)
2340 20 (440,286,1)
2341 20 (440,286,1)
2342 20 (440,286,1)
2343 20 (410,324,1)
2344 20 (440,286,1)
2345 20 (440,286,1)
2346 20 (440,286,1)
2347 20 (440,286,1)
2348 20 (440,286,1)
2349 20 (440,286,1)
2350 20 (440,286,1)
2351 20 (440,286,1)
2352 20 (440,286,1)
2353 20 (440,286,1)
2354 20 (410,324,1)
2355 20 (440,286,1)
2356 20 (440,286,1)
2357 20 (440,286,1)
2358 20 (440,286,1)
2359 20 (440,286,1)
2360 20 (440,286,1)
2361 20 (440,286,1)
2362 20 (440,286,1)
2363 20 (440,286,1)
2364 20 (440,286,1)
2365 20 (410,324,1)
2366 20 (440,286,1)
2367 20 (440,286,1)
2368 20 (440,286,1)
2369 20 (440,286,1)
2370 20 (440,286,1)
2371 20 (440,286,1)
2372 20 (440,286,1)
2373 20 (440,286,1)
2374 20 (440,286,1)
2375 20 (440,286,1)
2376 20 (410,324,1)
2377 20 (410,324,1)
2378 20 (410,324,1)
2379 20 (410,324,1)
2380 20 (410,324,1)
2381 20 (410,324,1)
2382 20 (440,286,1)
2383 20 (440,286,1)
2384 20 (440,286,1)
2385 20 (440,286,1)
2386 20 (440,286,1)
2387 20 (440,286,1)
2388 20 (440,286,1)
2389 20 (440,286,1)
2390 20 (440,286,1)
2391 20 (440,286,1)
2392 20 (410,324,1)
2393 20 (440,286,1)
2394 20 (440,286,1)
2395 20 (440,286,1)
2396 20 (440,286,1)
2397 20 (440,286,1)
2398 20 (440,286,1)
2399 20 (440,286,1)
2400 20 (440,286,1)
2401 20 (440,286,1)
2402 20 (440,286,1)
2403 20 (410,324,1)
2404 20 (440,286,1)
2405 20 (440,286,1)
2406 20 (440,286,1)
2407 20 (440,286,1)
2408 20 (440,286,1)
2409 20 (440,286,1)
2410 20 (440,286,1)
2411 20 (440,286,1)
2412 20 (440,286,1)
2413 20 (440,286,1)
2414 20 (410,324,1)
2415 20 (440,286,1)
2416 20 (440,286,1)
2417 20 (440,286,1)
2418 20 (440,286,1)
2419 20 (440,286,1)
2420 20 (440,286,1)
2421 20 (440,286,1)
2422 20 (440,286,1)
2423 20 (440,286,1)
2424 20 (440,286,1)
2425 20 (410,324,1)
2426 20 (440,286,1)
2427 20 (440,286,1)
2428 20 (440,286,1)
2429 20 (440,286,1)
2430 20 (440,286,1)
2431 20 (440,286,1)
2432 20 (440,286,1)
2433 20 (440,286,1)
2434 20 (440,286,1)
2435 20 (440,286,1)
2436 20 (410,324,1)
2437 20 (440,286,1)
2438 20 (440,286,1)
2439 20 (440,286,1)
2440 20 (440,286,1)
2441 20 (440,286,1)
2442 20 (440,286,1)
2443 20 (440,286,1)
2444 20 (440,286,1)
2445 20 (440,286,1)
2446 20 (440,286,1)
2447 20 (410,324,1)
2448 20 (410,324,1)
2449 20 (440,286,1)
2450 20 (440,286,1)
2451 20 (440,286,1)
2452 20 (440,286,1)
2453 20 (440,286,1)
2454 20 (440,286,1)
2455 20 (440,286,1)
2456 20 (440,286,1)
2457 20 (440,286,1)
2458 20 (440,286,1)
2459 20 (410,324,1)
2460 20 (440,286,1)
2461 20 (440,286,1)
2462 20 (440,286,1)
2463 20 (440,286,1)
2464 20 (440,286,1)
2465 20 (440,286,1)
2466 20 (440,286,1)
2467 20 (440,286,1)
2468 20 (440,286,1)
2469 20 (440,286,1)
2470 20 (410,324,1)
2471 20 (440,286,1)
2472 20 (440,286,1)
2473 20 (440,286,1)
2474 20 (440,286,1)
2475 20 (440,286,1)
2476 20 (440,286,1)
2477 20 (440,286,1)
2478 20 (440,286,1)
2479 20 (440,286,1)
2480 20 (440,286,1)
2481 20 (410,324,1)
2482 20 (440,286,1)
2483 20 (440,286,1)
2484 20 (440,286,1)
2485 20 (440,286,1)
2486 20 (440,286,1)
2487 20 (440,286,1)
2488 20 (440,286,1)
2489 20 (440,286,1)
2490 20 (440,286,1)
2491 20 (440,286,1)
2492 20 (410,324,1)
2493 20 (440,286,1)
2494 20 (440,286,1)
2495 20 (440,286,1)
2496 20 (440,286,1)
2497 20 (440,286,1)
2498 20 (440,286,1)
2499 20 (440,286,1)
2500 20 (440,286,1)
2501 20 (440,286,1)
2502 20 (440,286,1)
2503 20 (410,324,1)
2504 20 (440,286,1)
2505 20 (440,286,1)
2506 20 (440,286,1)
2507 20 (440,286,1)
2508 20 (440,286,1)
2509 20 (440,286,1)
2510 20 (440,286,1)
2511 20 (440,286,1)
2512 20 (440,286,1)
2513 20 (440,286,1)
2514 20 (410,324,1)
2515 20 (440,286,1)
2516 20 (440,286,1)
2517 20 (440,286,1)
2518 20 (440,286,1)
2519 20 (440,286,1)
2520 20 (440,286,1)
2521 20 (440,286,1)
2522 20 (440,286,1)
2523 20 (440,286,1)
2524 20 (410,324,1)
2525 20 (410,324,1)
2526 20 (410,324,1)
2527 20 (410,324,1)
2528 20 (410,324,1)
2529 20 (410,324,1)
2530 20 (410,324,1)
2531 20 (410,324,1)
2532 20 (410,324,1)
2533 20 (410,324,1)
2534 20 (410,324,1)
2535 20 (410,324,1)
2536 20 (410,324,1)
2537 20 (410,324,1)
2538 20 (410,324,1)
2539 20 (410,324,1)
2540 20 (410,324,1)
2541 20 (410,324,1)
2542 20 (410,324,1)
2543 20 (410,324,1)
2544 20 (410,324,1)
2545 20 (410,324,1)
2546 20 (410,324,1)
2547 20 (410,324,1)
2548 20 (410,324,1)
2549 20 (410,324,1)
2550 20 (410,324,1)
2551 20 (410,324,1)
2552 20 (410,324,1)
2553 20 (410,324,1)
2554 20 (410,324,1)
2555 20 (410,324,1)
2556 20 (410,324,1)
2557 20 (410,324,1)
2558 20 (410,324,1)
2559 20 (410,324,1)
2560 20 (410,324,1)
2561 20 (410,324,1)
2562 20 (410,324,1)
2563 20 (410,324,1)
2564 20 (410,324,1)
2565 20 (410,324,1)
2566 20 (410,324,1)
2567 20 (410,324,1)
2568 20 (410,324,1)
2569 20 (410,324,1)
2570 20 (410,324,1)
2571 20 (410,324,1)
2572 20 (410,324,1)
2573 20 (410,324,1)
2574 20 (410,324,1)
2575 20 (410,324,1)
2576 20 (410,324,1)
2577 20 (410,324,1)
2578 20 (410,324,1)
2579 20 (410,324,1)
2580 20 (410,324,1)
2581 20 (410,324,1)
2582 20 (410,324,1)
2583 20 (410,324,1)
2584 20 (410,324,1)
2585 20 (410,324,1)
2586 20 (410,324,1)
2587 20 (410,324,1)
2588 20 (410,324,1)
2589 20 (410,324,1)
2590 20 (410,324,1)
2591 20 (410,324,1)
2592 20 (410,324,1)
2593 20 (410,324,1)
2594 20 (410,324,1)
2595 20 (410,324,1)
2596 20 (410,324,1)
2597 20 (410,324,1)
2598 20 (410,324,1)
2599 20 (410,324,1)
2600 20 (410,324,1)
2601 20 (410,324,1)
2602 20 (410,324,1)
2603 20 (410,324,1)
2604 20 (410,324,1)
2605 20 (410,324,1)
2606 20 (410,324,1)
2607 20 (410,324,1)
2608 20 (410,324,1)
2609 20 (410,324,1)
2610 20 (410,324,1)
2611 20 (410,324,1)
2612 20 (410,324,1)
2613 20 (410,324,1)
2614 20 (410,324,1)
2615 20 (410,324,1)
2616 20 (410,324,1)
2617 20 (410,324,1)
2618 20 (410,324,1)
2619 20 (410,324,1)
2620 20 (410,324,1)
2621 20 (410,324,1)
2622 20 (410,324,1)
2623 20 (410,324,1)
2624 20 (410,324,1)
2625 20 (410,324,1)
2626 20 (410,324,1)
2627 20 (410,324,1)
2628 20 (410,324,1)
2629 20 (440,286,1)
2630 20 (440,286,1)
2631 20 (440,286,1)
2632 20 (440,286,1)
2633 20 (440,286,1)
2634 20 (440,286,1)
2635 20 (440,286,1)
2636 20 (440,286,1)
2637 20 (440,286,1)
2638 20 (440,286,1)
2639 20 (410,324,1)
2640 20 (440,286,1)
2641 20 (440,286,1)
2642 20 (440,286,1)
2643 20 (440,286,1)
2644 20 (440,286,1)
2645 20 (440,286,1)
2646 20 (440,286,1)
2647 20 (440,286,1)
2648 20 (440,286,1)
2649 20 (440,286,1)
2650 20 (410,324,1)
2651 20 (440,286,1)
2652 20 (440,286,1)
2653 20 (440,286,1)
2654 20 (440,286,1)
2655 20 (440,286,1)
2656 20 (440,286,1)
2657 20 (440,286,1)
2658 20 (440,286,1)
2659 20 (440,286,1)
2660 20 (440,286,1)
2661 20 (410,324,1)
2662 20 (440,286,1)
2663 20 (440,286,1)
2664 20 (440,286,1)
2665 20 (440,286,1)
2666 20 (440,286,1)
2667 20 (440,286,1)
2668 20 (440,286,1)
2669 20 (440,286,1)
2670 20 (440,286,1)
2671 20 (440,286,1)
2672 20 (410,324,1)
2673 20 (440,286,1)
2674 20 (440,286,1)
2675 20 (440,286,1)
2676 20 (440,286,1)
2677 20 (440,286,1)
2678 20 (440,286,1)
2679 20 (440,286,1)
2680 20 (440,286,1)
2681 20 (440,286,1)
2682 20 (440,286,1)
2683 20 (410,324,1)
2684 20 (440,286,1)
2685 20 (440,286,1)
2686 20 (440,286,1)
2687 20 (440,286,1)
2688 20 (440,286,1)
2689 20 (440,286,1)
2690 20 (440,286,1)
2691 20 (440,286,1)
2692 20 (440,286,1)
2693 20 (440,286,1)
2694 20 (410,324,1)
2695 20 (440,286,1)
2696 20 (440,286,1)
2697 20 (440,286,1)
2698 20 (440,286,1)
2699 20 (440,286,1)
2700 20 (440,286,1)
2701 20 (440,286,1)
2702 20 (440,286,1)
2703 20 (440,286,1)
2704 20 (440,286,1)
2705 20 (410,324,1)
2706 20 (440,286,1)
2707 20 (440,286,1)
2708 20 (440,286,1)
2709 20 (440,286,1)
2710 20 (440,286,1)
2711 20 (440,286,1)
2712 20 (440,286,1)
2713 20 (440,286,1)
2714 20 (440,286,1)
2715 20 (440,286,1)
2716 20 (410,324,1)
2717 20 (440,286,1)
2718 20 (440,286,1)
2719 20 (440,286,1)
2720 20 (440,286,1)
2721 20 (440,286,1)
2722 20 (440,286,1)
2723 20 (440,286,1)
2724 20 (440,286,1)
2725 20 (440,286,1)
2726 20 (440,286,1)
2727 20 (410,324,1)
2728 20 (440,286,1)
2729 20 (440,286,1)
2730 20 (440,286,1)
2731 20 (440,286,1)
2732 20 (440,286,1)
2733 20 (440,286,1)
2734 20 (440,286,1)
2735 20 (440,286,1)
2736 20 (440,286,1)
2737 20 (440,286,1)
2738 20 (410,324,1)
2739 20 (410,324,1)
2740 20 (440,286,1)
2741 20 (440,286,1)
2742 20 (440,286,1)
2743 20 (440,286,1)
2744 20 (440,286,1)
2745 20 (440,286,1)
2746 20 (440,286,1)
2747 20 (440,286,1)
2748 20 (440,286,1)
2749 20 (440,286,1)
2750 20 (410,324,1)
2751 20 (440,286,1)
2752 20 (440,286,1)
2753 20 (440,286,1)
2754 20 (440,286,1)
2755 20 (440,286,1)
2756 20 (440,286,1)
2757 20 (440,286,1)
2758 20 (440,286,1)
2759 20 (440,286,1)
2760 20 (440,286,1)
2761 20 (410,324,1)
2762 20 (440,286,1)
2763 20 (440,286,1)
2764 20 (440,286,1)
2765 20 (440,286,1)
2766 20 (440,286,1)
2767 20 (440,286,1)
2768 20 (440,286,1)
2769 20 (440,286,1)
2770 20 (440,286,1)
2771 20 (440,286,1)
2772 20 (410,324,1)
2773 20 (440,286,1)
2774 20 (440,286,1)
2775 20 (440,286,1)
2776 20 (440,286,1)
2777 20 (440,286,1)
2778 20 (440,286,1)
2779 20 (440,286,1)
2780 20 (440,286,1)
2781 20 (440,286,1)
2782 20 (440,286,1)
2783 20 (410,324,1)
2784 20 (440,286,1)
2785 20 (440,286,1)
2786 20 (440,286,1)
2787 20 (440,286,1)
2788 20 (440,286,1)
2789 20 (440,286,1)
2790 20 (440,286,1)
2791 20 (440,286,1)
2792 20 (440,286,1)
2793 20 (440,286,1)
2794 20 (410,324,1)
2795 20 (440,286,1)
2796 20 (440,286,1)
2797 20 (440,286,1)
2798 20 (440,286,1)
2799 20 (440,286,1)
2800 20 (440,286,1)
2801 20 (440,286,1)
2802 20 (440,286,1)
2803 20 (440,286,1)
2804 20 (440,286,1)
2805 20 (410,324,1)
2806 20 (440,286,1)
2807 20 (440,286,1)
2808 20 (440,286,1)
2809 20 (440,286,1)
2810 20 (440,286,1)
2811 20 (440,286,1)
2812 20 (440,286,1)
2813 20 (440,286,1)
2814 20 (440,286,1)
2815 20 (440,286,1)
2816 20 (410,324,1)
2817 20 (440,286,1)
2818 20 (440,286,1)
2819 20 (440,286,1)
2820 20 (440,286,1)
2821 20 (440,286,1)
2822 20 (440,286,1)
2823 20 (440,286,1)
2824 20 (440,286,1)
2825 20 (440,286,1)
2826 20 (440,286,1)
2827 20 (410,324,1)
2828 20 (440,286,1)
2829 20 (440,286,1)
2830 20 (440,286,1)
2831 20 (440,286,1)
2832 20 (440,286,1)
2833 20 (440,286,1)
2834 20 (440,286,1)
2835 20 (440,286,1)
2836 20 (440,286,1)
2837 20 (440,286,1)
2838 20 (410,324,1)
2839 20 (440,286,1)
2840 20 (440,286,1)
2841 20 (440,286,1)
2842 20 (440,286,1)
2843 20 (440,286,1)
2844 20 (440,286,1)
2845 20 (440,286,1)
2846 20 (440,286,1)
2847 20 (440,286,1)
2848 20 (440,286,1)
2849 20 (410,324,1)
2850 20 (410,324,1)
2851 20 (410,324,1)
2852 20 (410,324,1)
2853 20 (410,324,1)
2854 20 (410,324,1)
2855 20 (410,324,1)
2856 20 (440,286,1)
2857 20 (440,286,1)
2858 20 (440,286,1)
2859 20 (440,286,1)
2860 20 (440,286,1)
2861 20 (440,286,1)
2862 20 (440,286,1)
2863 20 (440,286,1)
2864 20 (440,286,1)
2865 20 (440,286,1)
2866 20 (410,324,1)
2867 20 (440,286,1)
2868 20 (440,286,1)
2869 20 (440,286,1)
2870 20 (440,286,1)
2871 20 (440,286,1)
2872 20 (440,286,1)
2873 20 (440,286,1)
2874 20 (440,286,1)
2875 20 (440,286,1)
2876 20 (440,286,1)
2877 20 (410,324,1)
2878 20 (440,286,1)
2879 20 (440,286,1)
2880 20 (440,286,1)
2881 20 (440,286,1)
2882 20 (440,286,1)
2883 20 (440,286,1)
2884 20 (440,286,1)
2885 20 (440,286,1)
2886 20 (440,286,1)
2887 20 (440,286,1)
2888 20 (410,324,1)
2889 20 (440,286,1)
2890 20 (440,286,1)
2891 20 (440,286,1)
2892 20 (440,286,1)
2893 20 (440,286,1)
2894 20 (440,286,1)
2895 20 (440,286,1)
2896 20 (440,286,1)
2897 20 (440,286,1)
2898 20 (440,286,1)
2899 20 (410,324,1)
2900 20 (440,286,1)
2901 20 (440,286,1)
2902 20 (440,286,1)
2903 20 (440,286,1)
2904 20 (440,286,1)
2905 20 (440,286,1)
2906 20 (440,286,1)
2907 20 (440,286,1)
2908 20 (440,286,1)
2909 20 (440,286,1)
2910 20 (410,324,1)
2911 20 (410,324,1)
2912 20 (440,286,1)
2913 20 (440,286,1)
2914 20 (440,286,1)
2915 20 (440,286,1)
2916 20 (440,286,1)
2917 20 (440,286,1)
2918 20 (440,286,1)
2919 20 (440,286,1)
2920 20 (440,286,1)
2921 20 (440,286,1)
2922 20 (410,324,1)
2923 20 (440,286,1)
2924 20 (440,286,1)
2925 20 (440,286,1)
2926 20 (440,286,1)
2927 20 (440,286,1)
2928 20 (440,286,1)
2929 20 (440,286,1)
2930 20 (440,286,1)
2931 20 (440,286,1)
2932 20 (440,286,1)
2933 20 (410,324,1)
2934 20 (440,286,1)
2935 20 (440,286,1)
2936 20 (440,286,1)
2937 20 (440,286,1)
2938 20 (440,286,1)
2939 20 (440,286,1)
2940 20 (440,286,1)
2941 20 (440,286,1)
2942 20 (440,286,1)
2943 20 (440,286,1)
2944 20 (410,324,1)
2945 20 (440,286,1)
2946 20 (440,286,1)
2947 20 (440,286,1)
2948 20 (440,286,1)
2949 20 (440,286,1)
2950 20 (440,286,1)
2951 20 (440,286,1)
2952 20 (440,286,1)
2953 20 (440,286,1)
2954 20 (440,286,1)
2955 20 (410,324,1)
2956 20 (440,286,1)
2957 20 (440,286,1)
2958 20 (440,286,1)
2959 20 (440,286,1)
2960 20 (440,286,1)
2961 20 (440,286,1)
2962 20 (440,286,1)
2963 20 (440,286,1)
2964 20 (440,286,1)
2965 20 (440,286,1)
2966 20 (410,324,1)
2967 20 (440,286,1)
2968 20 (440,286,1)
2969 20 (440,286,1)
2970 20 (440,286,1)
2971 20 (440,286,1)
2972 20 (440,286,1)
2973 20 (440,286,1)
2974 20 (440,286,1)
2975 20 (440,286,1)
2976 20 (440,286,1)
2977 20 (410,324,1)
2978 20 (440,286,1)
2979 20 (440,286,1)
2980 20 (440,286,1)
2981 20 (440,286,1)
2982 20 (440,286,1)
2983 20 (440,286,1)
2984 20 (440,286,1)
2985 20 (440,286,1)
2986 20 (440,286,1)
2987 20 (440,286,1)
2988 20 (410,324,1)
2989 20 (440,286,1)
2990 20 (440,286,1)
2991 20 (440,286,1)
2992 20 (440,286,1)
2993 20 (440,286,1)
2994 20 (440,286,1)
2995 20 (440,286,1)
2996 20 (440,286,1)
2997 20 (440,286,1)
2998 20 (440,286,1)
2999 20 (410,324,1)
3000 20 (440,286,1)
3001 20 (440,286,1)
3002 20 (440,286,1)
3003 20 (440,286,1)
3004 20 (440,286,1)
3005 20 (440,286,1)
3006 20 (440,286,1)
3007 20 (440,286,1)
3008 20 (440,286,1)
3009 20 (440,286,1)
3010 20 (410,324,1)
3011 20 (440,286,1)
3012 20 (440,286,1)
3013 20 (440,286,1)
3014 20 (440,286,1)
3015 20 (440,286,1)
3016 20 (440,286,1)
3017 20 (440,286,1)
3018 20 (440,286,1)
3019 20 (440,286,1)
3020 20 (440,286,1)
3021 20 (410,324,1)
3022 20 (410,324,1)
3023 20 (440,286,1)
3024 20 (440,286,1)
3025 20 (440,286,1)
3026 20 (440,286,1)
3027 20 (440,286,1)
3028 20 (440,286,1)
3029 20 (440,286,1)
3030 20 (440,286,1)
3031 20 (440,286,1)
3032 20 (440,286,1)
3033 20 (410,324,1)
3034 20 (440,286,1)
3035 20 (440,286,1)
3036 20 (440,286,1)
3037 20 (440,286,1)
3038 20 (440,286,1)
3039 20 (440,286,1)
3040 20 (440,286,1)
3041 20 (440,286,1)
3042 20 (440,286,1)
3043 20 (440,286,1)
3044 20 (410,324,1)
3045 20 (440,286,1)
3046 20 (440,286,1)
3047 20 (440,286,1)
3048 20 (440,286,1)
3049 20 (440,286,1)
3050 20 (440,286,1)
3051 20 (440,286,1)
3052 20 (440,286,1)
3053 20 (440,286,1)
3054 20 (440,286,1)
3055 20 (410,324,1)
3056 20 (440,286,1)
3057 20 (440,286,1)
3058 20 (440,286,1)
3059 20 (440,286,1)
3060 20 (440,286,1)
3061 20 (440,286,1)
3062 20 (440,286,1)
3063 20 (440,286,1)
3064 20 (440,286,1)
3065 20 (440,286,1)
3066 20 (410,324,1)
3067 20 (440,286,1)
3068 20 (440,286,1)
3069 20 (440,286,1)
3070 20 (440,286,1)
3071 20 (440,286,1)
3072 20 (440,286,1)
3073 20 (440,286,1)
3074 20 (440,286,1)
3075 20 (440,286,1)
3076 20 (440,286,1)
3077 20 (410,324,1)
3078 20 (440,286,1)
3079 20 (440,286,1)
3080 20 (440,286,1)
3081 20 (440,286,1)
3082 20 (440,286,1)
3083 20 (440,286,1)
3084 20 (440,286,1)
3085 20 (440,286,1)
3086 20 (440,286,1)
3087 20 (440,286,1)
3088 20 (410,324,1)
3089 20 (440,286,1)
3090 20 (440,286,1)
3091 20 (440,286,1)
3092 20 (440,286,1)
3093 20 (440,286,1)
3094 20 (440,286,1)
3095 20 (440,286,1)
3096 20 (440,286,1)
3097 20 (440,286,1)
3098 20 (440,286,1)
3099 20 (410,324,1)
3100 20 (440,286,1)
3101 20 (440,286,1)
3102 20 (440,286,1)
3103 20 (440,286,1)
3104 20 (440,286,1)
3105 20 (440,286,1)
3106 20 (440,286,1)
3107 20 (440,286,1)
3108 20 (440,286,1)
3109 20 (440,286,1)
3110 20 (410,324,1)
3111 20 (440,286,1)
3112 20 (440,286,1)
3113 20 (440,286,1)
3114 20 (440,286,1)
3115 20 (440,286,1)
3116 20 (440,286,1)
3117 20 (440,286,1)
3118 20 (440,286,1)
3119 20 (440,286,1)
3120 20 (440,286,1)
3121 20 (410,324,1)
3122 20 (440,286,1)
3123 20 (440,286,1)
3124 20 (440,286,1)
3125 20 (440,286,1)
3126 20 (440,286,1)
3127 20 (440,286,1)
3128 20 (440,286,1)
3129 20 (440,286,1)
3130 20 (440,286,1)
3131 20 (440,286,1)
3132 20 (410,324,1)
3133 20 (410,324,1)
3134 20 (440,286,1)
3135 20 (440,286,1)
3136 20 (440,286,1)
3137 20 (440,286,1)
3138 20 (440,286,1)
3139 20 (440,286,1)
3140 20 (440,286,1)
3141 20 (440,286,1)
3142 20 (440,286,1)
3143 20 (440,286,1)
3144 20 (410,324,1)
3145 20 (440,286,1)
3146 20 (440,286,1)
3147 20 (440,286,1)
3148 20 (440,286,1)
3149 20 (440,286,1)
3150 20 (440,286,1)
3151 20 (440,286,1)
3152 20 (440,286,1)
3153 20 (440,286,1)
3154 20 (440,286,1)
3155 20 (410,324,1)
3156 20 (440,286,1)
3157 20 (440,286,1)
3158 20 (440,286,1)
3159 20 (440,286,1)
3160 20 (440,286,1)
3161 20 (440,286,1)
3162 20 (440,286,1)
3163 20 (440,286,1)
3164 20 (440,286,1)
3165 20 (440,286,1)
3166 20 (410,324,1)
3167 20 (440,286,1)
3168 20 (440,286,1)
3169 20 (440,286,1)
3170 20 (440,286,1)
3171 20 (440,286,1)
3172 20 (440,286,1)
3173 20 (440,286,1)
3174 20 (440,286,1)
3175 20 (440,286,1)
3176 20 (440,286,1)
3177 20 (410,324,1)
3178 20 (440,286,1)
3179 20 (440,286,1)
3180 20 (440,286,1)
3181 20 (440,286,1)
3182 20 (440,286,1)
3183 20 (440,286,1)
3184 20 (440,286,1)
3185 20 (440,286,1)
3186 20 (440,286,1)
3187 20 (440,286,1)
3188 20 (410,324,1)
3189 20 (440,286,1)
3190 20 (440,286,1)
3191 20 (440,286,1)
3192 20 (440,286,1)
3193 20 (440,286,1)
3194 20 (440,286,1)
3195 20 (440,286,1)
3196 20 (440,286,1)
3197 20 (440,286,1)
3198 20 (440,286,1)
3199 20 (410,324,1)
3200 20 (440,286,1)
3201 20 (440,286,1)
3202 20 (440,286,1)
3203 20 (440,286,1)
3204 20 (440,286,1)
3205 20 (440,286,1)
3206 20 (440,286,1)
3207 20 (440,286,1)
3208 20 (440,286,1)
3209 20 (440,286,1)
3210 20 (410,324,1)
3211 20 (440,286,1)
3212 20 (440,286,1)
3213 20 (440,286,1)
3214 20 (440,286,1)
3215 20 (440,286,1)
3216 20 (440,286,1)
3217 20 (440,286,1)
3218 20 (440,286,1)
3219 20 (440,286,1)
3220 20 (440,286,1)
3221 20 (410,324,1)
3222 20 (440,286,1)
3223 20 (440,286,1)
3224 20 (440,286,1)
3225 20 (440,286,1)
3226 20 (440,286,1)
3227 20 (440,286,1)
3228 20 (440,286,1)
3229 20 (440,286,1)
3230 20 (440,286,1)
3231 20 (440,286,1)
3232 20 (410,324,1)
3233 20 (440,286,1)
3234 20 (440,286,1)
3235 20 (440,286,1)
3236 20 (440,286,1)
3237 20 (440,286,1)
3238 20 (440,286,1)
3239 20 (440,286,1)
3240 20 (440,286,1)
3241 20 (440,286,1)
3242 20 (440,286,1)
3243 20 (410,324,1)
3244 20 (410,324,1)
3245 20 (440,286,1)
3246 20 (440,286,1)
3247 20 (440,286,1)
3248 20 (440,286,1)
3249 20 (440,286,1)
3250 20 (440,286,1)
3251 20 (440,286,1)
3252 20 (440,286,1)
3253 20 (440,286,1)
3254 20 (440,286,1)
3255 20 (440,286,1)
3256 20 (440,286,1)
3257 20 (440,286,1)
3258 20 (440,286,1)
3259 20 (440,286,1)
3260 20 (440,286,1)
3261 20 (440,286,1)
3262 20 (440,286,1)
3263 20 (440,286,1)
3264 20 (440,286,1)
3265 20 (440,286,1)
3266 20 (440,286,1)
3267 20 (440,286,1)
3268 20 (440,286,1)
3269 20 (440,286,1)
3270 20 (440,286,1)
3271 20 (440,286,1)
3272 20 (440,286,1)
3273 20 (440,286,1)
3274 20 (440,286,1)
3275 20 (440,286,1)
3276 20 (440,286,1)
3277 20 (440,286,1)
3278 20 (440,286,1)
3279 20 (440,286,1)
3280 20 (440,286,1)
3281 20 (440,286,1)
3282 20 (440,286,1)
3283 20 (440,286,1)
3284 20 (440,286,1)
3285 20 (440,286,1)
3286 20 (440,286,1)
3287 20 (440,286,1)
3288 20 (440,286,1)
3289 20 (440,286,1)
3290 20 (440,286,1)
3291 20 (440,286,1)
3292 20 (440,286,1)
3293 20 (440,286,1)
3294 20 (440,286,1)
3295 20 (440,286,1)
3296 20 (440,286,1)
3297 20 (440,286,1)
3298 20 (440,286,1)
3299 20 (440,286,1)
3300 20 (440,286,1)
3301 20 (440,286,1)
3302 20 (440,286,1)
3303 20 (440,286,1)
3304 20 (440,286,1)
3305 20 (440,286,1)
3306 20 (440,286,1)
3307 20 (440,286,1)
3308 20 (440,286,1)
3309 20 (440,286,1)
3310 20 (440,286,1)
3311 20 (440,286,1)
3312 20 (440,286,1)
3313 20 (440,286,1)
3314 20 (440,286,1)
3315 20 (440,286,1)
3316 20 (440,286,1)
3317 20 (440,286,1)
3318 20 (440,286,1)
3319 20 (440,286,1)
3320 20 (440,286,1)
3321 20 (440,286,1)
3322 20 (440,286,1)
3323 20 (440,286,1)
3324 20 (440,286,1)
3325 20 (440,286,1)
3326 20 (440,286,1)
3327 20 (440,286,1)
3328 20 (440,286,1)
3329 20 (440,286,1)
3330 20 (440,286,1)
3331 20 (440,286,1)
3332 20 (440,286,1)
3333 20 (440,286,1)
3334 20 (440,286,1)
3335 20 (440,286,1)
3336 20 (440,286,1)
3337 20 (440,286,1)
3338 20 (440,286,1)
3339 20 (440,286,1)
3340 20 (440,286,1)
3341 20 (440,286,1)
3342 20 (440,286,1)
3343 20 (440,286,1)
3344 20 (440,286,1)
3345 20 (410,324,1)
3346 20 (440,286,1)
3347 20 (440,286,1)
3348 20 (440,286,1)
3349 20 (440,286,1)
3350 20 (440,286,1)
3351 20 (440,286,1)
3352 20 (440,286,1)
3353 20 (440,286,1)
3354 20 (440,286,1)
3355 20 (440,286,1)
3356 20 (440,286,1)
3357 20 (440,286,1)
3358 20 (440,286,1)
3359 20 (440,286,1)
3360 20 (440,286,1)
3361 20 (440,286,1)
3362 20 (440,286,1)
3363 20 (440,286,1)
3364 20 (440,286,1)
3365 20 (440,286,1)
3366 20 (440,286,1)
3367 20 (440,286,1)
3368 20 (440,286,1)
3369 20 (440,286,1)
3370 20 (440,286,1)
3371 20 (440,286,1)
3372 20 (440,286,1)
3373 20 (440,286,1)
3374 20 (440,286,1)
3375 20 (440,286,1)
3376 20 (440,286,1)
3377 20 (440,286,1)
3378 20 (440,286,1)
3379 20 (440,286,1)
3380 20 (440,286,1)
3381 20 (440,286,1)
3382 20 (440,286,1)
3383 20 (440,286,1)
3384 20 (440,286,1)
3385 20 (440,286,1)
3386 20 (440,286,1)
3387 20 (440,286,1)
3388 20 (440,286,1)
3389 20 (440,286,1)
3390 20 (440,286,1)
3391 20 (440,286,1)
3392 20 (440,286,1)
3393 20 (440,286,1)
3394 20 (440,286,1)
3395 20 (440,286,1)
3396 20 (440,286,1)
3397 20 (440,286,1)
3398 20 (440,286,1)
3399 20 (440,286,1)
3400 20 (440,286,1)
3401 20 (440,286,1)
3402 20 (440,286,1)
3403 20 (440,286,1)
3404 20 (440,286,1)
3405 20 (440,286,1)
3406 20 (440,286,1)
3407 20 (440,286,1)
3408 20 (440,286,1)
3409 20 (440,286,1)
3410 20 (440,286,1)
3411 20 (440,286,1)
3412 20 (440,286,1)
3413 20 (440,286,1)
3414 20 (440,286,1)
3415 20 (440,286,1)
3416 20 (440,286,1)
3417 20 (440,286,1)
3418 20 (440,286,1)
3419 20 (440,286,1)
3420 20 (440,286,1)
3421 20 (440,286,1)
3422 20 (440,286,1)
3423 20 (440,286,1)
3424 20 (440,286,1)
3425 20 (440,286,1)
3426 20 (440,286,1)
3427 20 (440,286,1)
3428 20 (440,286,1)
3429 20 (440,286,1)
3430 20 (440,286,1)
3431 20 (440,286,1)
3432 20 (440,286,1)
3433 20 (440,286,1)
3434 20 (440,286,1)
3435 20 (440,286,1)
3436 20 (440,286,1)
3437 20 (440,286,1)
3438 20 (440,286,1)
3439 20 (440,286,1)
3440 20 (440,286,1)
3441 20 (440,286,1)
3442 20 (440,286,1)
3443 20 (440,286,1)
3444 20 (440,286,1)
3445 20 (440,286,1)
3446 20 (410,324,1)
3447 20 (410,324,1)
3448 20 (440,286,1)
3449 20 (440,286,1)
3450 20 (440,286,1)
3451 20 (440,286,1)
3452 20 (440,286,1)
3453 20 (440,286,1)
3454 20 (440,286,1)
3455 20 (440,286,1)
3456 20 (440,286,1)
3457 20 (440,286,1)
3458 20 (410,324,1)
3459 20 (440,286,1)
3460 20 (440,286,1)
3461 20 (440,286,1)
3462 20 (440,286,1)
3463 20 (440,286,1)
3464 20 (440,286,1)
3465 20 (440,286,1)
3466 20 (440,286,1)
3467 20 (440,286,1)
3468 20 (440,286,1)
3469 20 (410,324,1)
3470 20 (440,286,1)
3471 20 (440,286,1)
3472 20 (440,286,1)
3473 20 (440,286,1)
3474 20 (440,286,1)
3475 20 (440,286,1)
3476 20 (440,286,1)
3477 20 (440,286,1)
3478 20 (440,286,1)
3479 20 (440,286,1)
3480 20 (410,324,1)
3481 20 (440,286,1)
3482 20 (440,286,1)
3483 20 (440,286,1)
3484 20 (440,286,1)
3485 20 (440,286,1)
3486 20 (440,286,1)
3487 20 (440,286,1)
3488 20 (440,286,1)
3489 20 (440,286,1)
3490 20 (440,286,1)
3491 20 (410,324,1)
3492 20 (440,286,1)
3493 20 (440,286,1)
3494 20 (440,286,1)
3495 20 (440,286,1)
3496 20 (440,286,1)
3497 20 (440,286,1)
3498 20 (440,286,1)
3499 20 (440,286,1)
3500 20 (440,286,1)
3501 20 (440,286,1)
3502 20 (410,324,1)
3503 20 (440,286,1)
3504 20 (440,286,1)
3505 20 (440,286,1)
3506 20 (440,286,1)
3507 20 (440,286,1)
3508 20 (440,286,1)
3509 20 (440,286,1)
3510 20 (440,286,1)
3511 20 (440,286,1)
3512 20 (440,286,1)
3513 20 (410,324,1)
3514 20 (440,286,1)
3515 20 (440,286,1)
3516 20 (440,286,1)
3517 20 (440,286,1)
3518 20 (440,286,1)
3519 20 (440,286,1)
3520 20 (440,286,1)
3521 20 (440,286,1)
3522 20 (440,286,1)
3523 20 (440,286,1)
3524 20 (410,324,1)
3525 20 (440,286,1)
3526 20 (440,286,1)
3527 20 (440,286,1)
3528 20 (440,286,1)
3529 20 (440,286,1)
3530 20 (440,286,1)
3531 20 (440,286,1)
3532 20 (440,286,1)
3533 20 (440,286,1)
3534 20 (440,286,1)
3535 20 (410,324,1)
3536 20 (440,286,1)
3537 20 (440,286,1)
3538 20 (440,286,1)
3539 20 (440,286,1)
3540 20 (440,286,1)
3541 20 (440,286,1)
3542 20 (440,286,1)
3543 20 (440,286,1)
3544 20 (440,286,1)
3545 20 (440,286,1)
3546 20 (410,324,1)
3547 20 (440,286,1)
3548 20 (440,286,1)
3549 20 (440,286,1)
3550 20 (440,286,1)
3551 20 (440,286,1)
3552 20 (440,286,1)
3553 20 (440,286,1)
3554 20 (440,286,1)
3555 20 (440,286,1)
3556 20 (440,286,1)
3557 20 (410,324,1)
3558 20 (410,324,1)
3559 20 (440,286,1)
3560 20 (440,286,1)
3561 20 (440,286,1)
3562 20 (440,286,1)
3563 20 (440,286,1)
3564 20 (440,286,1)
3565 20 (440,286,1)
3566 20 (440,286,1)
3567 20 (440,286,1)
3568 20 (440,286,1)
3569 20 (410,324,1)
3570 20 (440,286,1)
3571 20 (440,286,1)
3572 20 (440,286,1)
3573 20 (440,286,1)
3574 20 (440,286,1)
3575 20 (440,286,1)
3576 20 (440,286,1)
3577 20 (440,286,1)
3578 20 (440,286,1)
3579 20 (440,286,1)
3580 20 (410,324,1)
3581 20 (440,286,1)
3582 20 (440,286,1)
3583 20 (440,286,1)
3584 20 (440,286,1)
3585 20 (440,286,1)
3586 20 (440,286,1)
3587 20 (440,286,1)
3588 20 (440,286,1)
3589 20 (440,286,1)
3590 20 (440,286,1)
3591 20 (410,324,1)
3592 20 (440,286,1)
3593 20 (440,286,1)
3594 20 (440,286,1)
3595 20 (440,286,1)
3596 20 (440,286,1)
3597 20 (440,286,1)
3598 20 (440,286,1)
3599 20 (440,286,1)
3600 20 (440,286,1)
3601 20 (440,286,1)
3602 20 (410,324,1)
3603 20 (440,286,1)
3604 20 (440,286,1)
3605 20 (440,286,1)
3606 20 (440,286,1)
3607 20 (440,286,1)
3608 20 (440,286,1)
3609 20 (440,286,1)
3610 20 (440,286,1)
3611 20 (440,286,1)
3612 20 (440,286,1)
3613 20 (410,324,1)
3614 20 (440,286,1)
3615 20 (440,286,1)
3616 20 (440,286,1)
3617 20 (440,286,1)
3618 20 (440,286,1)
3619 20 (440,286,1)
3620 20 (440,286,1)
3621 20 (440,286,1)
3622 20 (440,286,1)
3623 20 (440,286,1)
3624 20 (410,324,1)
3625 20 (440,286,1)
3626 20 (440,286,1)
3627 20 (440,286,1)
3628 20 (440,286,1)
3629 20 (440,286,1)
3630 20 (440,286,1)
3631 20 (440,286,1)
3632 20 (440,286,1)
3633 20 (440,286,1)
3634 20 (440,286,1)
3635 20 (410,324,1)
3636 20 (440,286,1)
3637 20 (440,286,1)
3638 20 (440,286,1)
3639 20 (440,286,1)
3640 20 (440,286,1)
3641 20 (440,286,1)
3642 20 (440,286,1)
3643 20 (440,286,1)
3644 20 (440,286,1)
3645 20 (440,286,1)
3646 20 (410,324,1)
3647 20 (440,286,1)
3648 20 (440,286,1)
3649 20 (440,286,1)
3650 20 (440,286,1)
3651 20 (440,286,1)
3652 20 (440,286,1)
3653 20 (440,286,1)
3654 20 (440,286,1)
3655 20 (440,286,1)
3656 20 (440,286,1)
3657 20 (410,324,1)
3658 20 (440,286,1)
3659 20 (440,286,1)
3660 20 (440,286,1)
3661 20 (440,286,1)
3662 20 (440,286,1)
3663 20 (440,286,1)
3664 20 (440,286,1)
3665 20 (440,286,1)
3666 20 (440,286,1)
3667 20 (440,286,1)
3668 20 (410,324,1)
3669 20 (410,324,1)
3670 20 (440,286,1)
3671 20 (440,286,1)
3672 20 (440,286,1)
3673 20 (440,286,1)
3674 20 (440,286,1)
3675 20 (440,286,1)
3676 20 (440,286,1)
3677 20 (440,286,1)
3678 20 (440,286,1)
3679 20 (440,286,1)
3680 20 (410,324,1)
3681 20 (440,286,1)
3682 20 (440,286,1)
3683 20 (440,286,1)
3684 20 (440,286,1)
3685 20 (440,286,1)
3686 20 (440,286,1)
3687 20 (440,286,1)
3688 20 (440,286,1)
3689 20 (440,286,1)
3690 20 (440,286,1)
3691 20 (410,324,1)
3692 20 (440,286,1)
3693 20 (440,286,1)
3694 20 (440,286,1)
3695 20 (440,286,1)
3696 20 (440,286,1)
3697 20 (440,286,1)
3698 20 (440,286,1)
3699 20 (440,286,1)
3700 20 (440,286,1)
3701 20 (440,286,1)
3702 20 (410,324,1)
3703 20 (440,286,1)
3704 20 (440,286,1)
3705 20 (440,286,1)
3706 20 (440,286,1)
3707 20 (440,286,1)
3708 20 (440,286,1)
3709 20 (440,286,1)
3710 20 (440,286,1)
3711 20 (440,286,1)
3712 20 (440,286,1)
3713 20 (410,324,1)
3714 20 (440,286,1)
3715 20 (440,286,1)
3716 20 (440,286,1)
3717 20 (440,286,1)
3718 20 (440,286,1)
3719 20 (440,286,1)
3720 20 (440,286,1)
3721 20 (440,286,1)
3722 20 (440,286,1)
3723 20 (440,286,1)
3724 20 (410,324,1)
3725 20 (440,286,1)
3726 20 (440,286,1)
3727 20 (440,286,1)
3728 20 (440,286,1)
3729 20 (440,286,1)
3730 20 (440,286,1)
3731 20 (440,286,1)
3732 20 (440,286,1)
3733 20 (440,286,1)
3734 20 (440,286,1)
3735 20 (410,324,1)
3736 20 (440,286,1)
3737 20 (440,286,1)
3738 20 (440,286,1)
3739 20 (440,286,1)
3740 20 (440,286,1)
3741 20 (440,286,1)
3742 20 (440,286,1)
3743 20 (440,286,1)
3744 20 (440,286,1)
3745 20 (440,286,1)
3746 20 (410,324,1)
3747 20 (440,286,1)
3748 20 (440,286,1)
3749 20 (440,286,1)
3750 20 (440,286,1)
3751 20 (440,286,1)
3752 20 (440,286,1)
3753 20 (440,286,1)
3754 20 (440,286,1)
3755 20 (440,286,1)
3756 20 (440,286,1)
3757 20 (410,324,1)
3758 20 (440,286,1)
3759 20 (440,286,1)
3760 20 (440,286,1)
3761 20 (440,286,1)
3762 20 (440,286,1)
3763 20 (440,286,1)
3764 20 (440,286,1)
3765 20 (440,286,1)
3766 20 (440,286,1)
3767 20 (440,286,1)
3768 20 (410,324,1)
3769 20 (440,286,1)
3770 20 (440,286,1)
3771 20 (440,286,1)
3772 20 (440,286,1)
3773 20 (440,286,1)
3774 20 (440,286,1)
3775 20 (440,286,1)
3776 20 (440,286,1)
3777 20 (440,286,1)
3778 20 (440,286,1)
3779 20 (410,324,1)
3780 20 (410,324,1)
3781 20 (440,286,1)
3782 20 (440,286,1)
3783 20 (440,286,1)
3784 20 (440,286,1)
3785 20 (440,286,1)
3786 20 (440,286,1)
3787 20 (440,286,1)
3788 20 (440,286,1)
3789 20 (440,286,1)
3790 20 (440,286,1)
3791 20 (410,324,1)
3792 20 (440,286,1)
3793 20 (440,286,1)
3794 20 (440,286,1)
3795 20 (440,286,1)
3796 20 (440,286,1)
3797 20 (440,286,1)
3798 20 (440,286,1)
3799 20 (440,286,1)
3800 20 (440,286,1)
3801 20 (440,286,1)
3802 20 (410,324,1)
3803 20 (440,286,1)
3804 20 (440,286,1)
3805 20 (440,286,1)
3806 20 (440,286,1)
3807 20 (440,286,1)
3808 20 (440,286,1)
3809 20 (440,286,1)
3810 20 (440,286,1)
3811 20 (440,286,1)
3812 20 (440,286,1)
3813 20 (410,324,1)
3814 20 (440,286,1)
3815 20 (440,286,1)
3816 20 (440,286,1)
3817 20 (440,286,1)
3818 20 (440,286,1)
3819 20 (440,286,1)
3820 20 (440,286,1)
3821 20 (440,286,1)
3822 20 (440,286,1)
3823 20 (440,286,1)
3824 20 (410,324,1)
3825 20 (440,286,1)
3826 20 (440,286,1)
3827 20 (440,286,1)
3828 20 (440,286,1)
3829 20 (440,286,1)
3830 20 (440,286,1)
3831 20 (440,286,1)
3832 20 (440,286,1)
3833 20 (440,286,1)
3834 20 (440,286,1)
3835 20 (410,324,1)
3836 20 (440,286,1)
3837 20 (440,286,1)
3838 20 (440,286,1)
3839 20 (440,286,1)
3840 20 (440,286,1)
3841 20 (440,286,1)
3842 20 (440,286,1)
3843 20 (440,286,1)
3844 20 (440,286,1)
3845 20 (440,286,1)
3846 20 (410,324,1)
3847 20 (440,286,1)
3848 20 (440,286,1)
3849 20 (440,286,1)
3850 20 (440,286,1)
3851 20 (440,286,1)
3852 20 (440,286,1)
3853 20 (440,286,1)
3854 20 (440,286,1)
3855 20 (440,286,1)
3856 20 (440,286,1)
3857 20 (410,324,1)
3858 20 (440,286,1)
3859 20 (440,286,1)
3860 20 (440,286,1)
3861 20 (440,286,1)
3862 20 (440,286,1)
3863 20 (440,286,1)
3864 20 (440,286,1)
3865 20 (440,286,1)
3866 20 (440,286,1)
3867 20 (440,286,1)
3868 20 (410,324,1)
3869 20 (440,286,1)
3870 20 (440,286,1)
3871 20 (440,286,1)
3872 20 (440,286,1)
3873 20 (440,286,1)
3874 20 (440,286,1)
3875 20 (440,286,1)
3876 20 (440,286,1)
3877 20 (440,286,1)
3878 20 (440,286,1)
3879 20 (410,324,1)
3880 20 (440,286,1)
3881 20 (440,286,1)
3882 20 (440,286,1)
3883 20 (440,286,1)
3884 20 (440,286,1)
3885 20 (440,286,1)
3886 20 (440,286,1)
3887 20 (440,286,1)
3888 20 (440,286,1)
3889 20 (440,286,1)
3890 20 (410,324,1)
3891 20 (410,324,1)
3892 20 (410,324,1)
3893 20 (410,324,1)
3894 20 (410,324,1)
3895 20 (410,324,1)
3896 20 (410,324,1)
3897 20 (440,286,1)
3898 20 (440,286,1)
3899 20 (440,286,1)
3900 20 (440,286,1)
3901 20 (440,286,1)
3902 20 (440,286,1)
3903 20 (440,286,1)
3904 20 (440,286,1)
3905 20 (440,286,1)
3906 20 (440,286,1)
3907 20 (410,324,1)
3908 20 (440,286,1)
3909 20 (440,286,1)
3910 20 (440,286,1)
3911 20 (440,286,1)
3912 20 (440,286,1)
3913 20 (440,286,1)
3914 20 (440,286,1)
3915 20 (440,286,1)
3916 20 (440,286,1)
3917 20 (440,286,1)
3918 20 (410,324,1)
3919 20 (440,286,1)
3920 20 (440,286,1)
3921 20 (440,286,1)
3922 20 (440,286,1)
3923 20 (440,286,1)
3924 20 (440,286,1)
3925 20 (440,286,1)
3926 20 (440,286,1)
3927 20 (440,286,1)
3928 20 (440,286,1)
3929 20 (410,324,1)
3930 20 (440,286,1)
3931 20 (440,286,1)
3932 20 (440,286,1)
3933 20 (440,286,1)
3934 20 (440,286,1)
3935 20 (440,286,1)
3936 20 (440,286,1)
3937 20 (440,286,1)
3938 20 (440,286,1)
3939 20 (440,286,1)
3940 20 (410,324,1)
3941 20 (440,286,1)
3942 20 (440,286,1)
3943 20 (440,286,1)
3944 20 (440,286,1)
3945 20 (440,286,1)
3946 20 (440,286,1)
3947 20 (440,286,1)
3948 20 (440,286,1)
3949 20 (440,286,1)
3950 20 (440,286,1)
3951 20 (410,324,1)
3952 20 (410,324,1)
3953 20 (440,286,1)
3954 20 (440,286,1)
3955 20 (440,286,1)
3956 20 (440,286,1)
3957 20 (440,286,1)
3958 20 (440,286,1)
3959 20 (440,286,1)
3960 20 (440,286,1)
3961 20 (440,286,1)
3962 20 (410,324,1)
3963 20 (410,324,1)
3964 20 (410,324,1)
3965 20 (410,324,1)
3966 20 (410,324,1)
3967 20 (410,324,1)
3968 20 (410,324,1)
3969 20 (410,324,1)
3970 20 (410,324,1)
3971 20 (410,324,1)
3972 20 (410,324,1)
3973 20 (410,324,1)
3974 20 (410,324,1)
3975 20 (410,324,1)
3976 20 (410,324,1)
3977 20 (410,324,1)
3978 20 (410,324,1)
3979 20 (410,324,1)
3980 20 (410,324,1)
3981 20 (410,324,1)
3982 20 (410,324,1)
3983 20 (410,324,1)
3984 20 (410,324,1)
3985 20 (410,324,1)
3986 20 (410,324,1)
3987 20 (410,324,1)
3988 20 (410,324,1)
3989 20 (410,324,1)
3990 20 (410,324,1)
3991 20 (410,324,1)
3992 20 (410,324,1)
3993 20 (410,324,1)
3994 20 (410,324,1)
3995 20 (410,324,1)
3996 20 (410,324,1)
3997 20 (410,324,1)
3998 20 (410,324,1)
3999 20 (410,324,1)
4000 20 (410,324,1)
4001 20 (410,324,1)
4002 20 (410,324,1)
4003 20 (410,324,1)
4004 20 (410,324,1)
4005 20 (410,324,1)
4006 20 (410,324,1)
4007 20 (410,324,1)
4008 20 (410,324,1)
4009 20 (410,324,1)
4010 20 (410,324,1)
4011 20 (410,324,1)
4012 20 (410,324,1)
4013 20 (410,324,1)
4014 20 (410,324,1)
4015 20 (410,324,1)
4016 20 (410,324,1)
4017 20 (410,324,1)
4018 20 (410,324,1)
4019 20 (410,324,1)
4020 20 (410,324,1)
4021 20 (410,324,1)
4022 20 (410,324,1)
4023 20 (410,324,1)
4024 20 (410,324,1)
4025 20 (410,324,1)
4026 20 (410,324,1)
4027 20 (410,324,1)
4028 20 (410,324,1)
4029 20 (410,324,1)
4030 20 (410,324,1)
4031 20 (410,324,1)
4032 20 (410,324,1)
4033 20 (410,324,1)
4034 20 (410,324,1)
4035 20 (410,324,1)
4036 20 (410,324,1)
4037 20 (410,324,1)
4038 20 (410,324,1)
4039 20 (410,324,1)
4040 20 (410,324,1)
4041 20 (410,324,1)
4042 20 (410,324,1)
4043 20 (410,324,1)
4044 20 (410,324,1)
4045 20 (410,324,1)
4046 20 (410,324,1)
4047 20 (410,324,1)
4048 20 (410,324,1)
4049 20 (410,324,1)
4050 20 (410,324,1)
4051 20 (410,324,1)
4052 20 (410,324,1)
4053 20 (410,324,1)
4054 20 (410,324,1)
4055 20 (410,324,1)
4056 20 (410,324,1)
4057 20 (410,324,1)
4058 20 (410,324,1)
4059 20 (410,324,1)
4060 20 (410,324,1)
4061 20 (410,324,1)
4062 20 (410,324,1)
4063 20 (410,324,1)
4064 20 (410,324,1)
4065 20 (410,324,1)
4066 20 (410,324,1)
4067 20 (410,324,1)
4068 20 (410,324,1)
4069 20 (410,324,1)
4070 20 (410,324,1)
4071 20 (410,324,1)
4072 20 (410,324,1)
4073 20 (410,324,1)
4074 20 (410,324,1)
4075 20 (410,324,1)
4076 20 (410,324,1)
4077 20 (410,324,1)
4078 20 (410,324,1)
4079 20 (410,324,1)
4080 20 (410,324,1)
4081 20 (410,324,1)
4082 20 (410,324,1)
4083 20 (410,324,1)
4084 20 (410,324,1)
4085 20 (410,324,1)
4086 20 (410,324,1)
4087 20 (410,324,1)
4088 20 (410,324,1)
4089 20 (410,324,1)
4090 20 (410,324,1)
4091 20 (410,324,1)
4092 20 (410,324,1)
4093 20 (410,324,1)
4094 20 (410,324,1)
4095 20 (410,324,1)
4096 20 (410,324,1)
4097 20 (410,324,1)
4098 20 (410,324,1)
4099 20 (410,324,1)
4100 20 (410,324,1)
4101 20 (410,324,1)
4102 20 (410,324,1)
4103 20 (410,324,1)
4104 20 (410,324,1)
4105 20 (410,324,1)
4106 20 (410,324,1)
4107 20 (410,324,1)
4108 20 (410,324,1)
4109 20 (410,324,1)
4110 20 (410,324,1)
4111 20 (410,324,1)
4112 20 (410,324,1)
4113 20 (410,324,1)
4114 20 (410,324,1)
4115 20 (410,324,1)
4116 20 (410,324,1)
4117 20 (410,324,1)
4118 20 (410,324,1)
4119 20 (410,324,1)
4120 20 (410,324,1)
4121 20 (410,324,1)
4122 20 (410,324,1)
4123 20 (410,324,1)
4124 20 (410,324,1)
4125 20 (410,324,1)
4126 20 (410,324,1)
4127 20 (410,324,1)
4128 20 (410,324,1)
4129 20 (410,324,1)
4130 20 (410,324,1)
4131 20 (410,324,1)
4132 20 (410,324,1)
4133 20 (410,324,1)
4134 20 (410,324,1)
4135 20 (410,324,1)
4136 20 (410,324,1)
4137 20 (410,324,1)
4138 20 (410,324,1)
4139 20 (410,324,1)
4140 20 (410,324,1)
4141 20 (410,324,1)
4142 20 (410,324,1)
4143 20 (410,324,1)
4144 20 (410,324,1)
4145 20 (410,324,1)
4146 20 (410,324,1)
4147 20 (410,324,1)
4148 20 (410,324,1)
4149 20 (410,324,1)
4150 20 (410,324,1)
4151 20 (410,324,1)
4152 20 (410,324,1)
4153 20 (410,324,1)
4154 20 (410,324,1)
4155 20 (410,324,1)
4156 20 (410,324,1)
4157 20 (410,324,1)
4158 20 (410,324,1)
4159 20 (410,324,1)
4160 20 (410,324,1)
4161 20 (410,324,1)
4162 20 (410,324,1)
4163 20 (410,324,1)
4164 20 (410,324,1)
4165 20 (410,324,1)
4166 20 (410,324,1)
4167 20 (410,324,1)
4168 20 (410,324,1)
4169 20 (410,324,1)
4170 20 (410,324,1)
4171 20 (410,324,1)
4172 20 (410,324,1)
4173 20 (410,324,1)
4174 20 (410,324,1)
4175 20 (410,324,1)
4176 20 (410,324,1)
4177 20 (410,324,1)
4178 20 (410,324,1)
4179 20 (410,324,1)
4180 20 (410,324,1)
4181 20 (410,324,1)
4182 20 (410,324,1)
4183 20 (410,324,1)
4184 20 (410,324,1)
4185 20 (410,324,1)
4186 20 (410,324,1)
4187 20 (410,324,1)
4188 20 (410,324,1)
4189 20 (410,324,1)
4190 20 (410,324,1)
4191 20 (410,324,1)
4192 20 (410,324,1)
4193 20 (410,324,1)
4194 20 (410,324,1)
4195 20 (410,324,1)
4196 20 (410,324,1)
4197 20 (410,324,1)
4198 20 (410,324,1)
4199 20 (410,324,1)
4200 20 (410,324,1)
4201 20 (410,324,1)
4202 20 (410,324,1)
4203 20 (410,324,1)
4204 20 (410,324,1)
4205 20 (410,324,1)
4206 20 (410,324,1)
4207 20 (410,324,1)
4208 20 (410,324,1)
4209 20 (410,324,1)
4210 20 (410,324,1)
4211 20 (410,324,1)
4212 20 (410,324,1)
4213 20 (410,324,1)
4214 20 (410,324,1)
4215 20 (410,324,1)
4216 20 (410,324,1)
4217 20 (410,324,1)
4218 20 (410,324,1)
4219 20 (410,324,1)
4220 20 (410,324,1)
4221 20 (410,324,1)
4222 20 (410,324,1)
4223 20 (410,324,1)
4224 20 (410,324,1)
4225 20 (410,324,1)
4226 20 (410,324,1)
4227 20 (410,324,1)
4228 20 (410,324,1)
4229 20 (410,324,1)
4230 20 (410,324,1)
4231 20 (410,324,1)
4232 20 (410,324,1)
4233 20 (410,324,1)
4234 20 (410,324,1)
4235 20 (410,324,1)
4236 20 (410,324,1)
4237 20 (410,324,1)
4238 20 (410,324,1)
4239 20 (410,324,1)
4240 20 (410,324,1)
4241 20 (410,324,1)
4242 20 (410,324,1)
4243 20 (410,324,1)
4244 20 (410,324,1)
4245 20 (410,324,1)
4246 20 (410,324,1)
4247 20 (410,324,1)
4248 20 (410,324,1)
4249 20 (410,324,1)
4250 20 (410,324,1)
4251 20 (410,324,1)
4252 20 (410,324,1)
4253 20 (410,324,1)
4254 20 (410,324,1)
4255 20 (410,324,1)