000 3 (512,512,1)
001 3 (512,512,1)
002 3 (512,512,1)
003 3 (512,512,1)
004 3 (512,512,1)
005 3 (512,512,1)
006 3 (512,512,1)
007 3 (512,512,1)
008 3 (512,512,1)
009 3 (512,512,1)
010 3 (512,512,1)
011 3 (512,512,1)
012 3 (512,512,1)
013 3 (512,512,1)
014 3 (512,512,1)
015 3 (512,512,1)
016 3 (512,512,1)
017 3 (512,512,1)
018 3 (512,512,1)
019 3 (512,512,1)
020 3 (512,512,1)
021 3 (512,512,1)
022 3 (512,512,1)
023 3 (512,512,1)
024 3 (512,512,1)
025 3 (512,512,1)
026 3 (512,512,1)
027 3 (512,512,1)
028 3 (512,512,1)
029 3 (512,512,1)
030 3 (512,512,1)
031 3 (512,512,1)
032 3 (512,512,1)
033 3 (512,512,1)
034 3 (512,512,1)
035 3 (512,512,1)
036 3 (512,512,1)
037 3 (512,512,1)
038 3 (512,512,1)
039 3 (512,512,1)
040 3 (512,512,1)
041 3 (512,512,1)
042 3 (512,512,1)
043 3 (512,512,1)
044 3 (512,512,1)
045 3 (512,512,1)
046 3 (512,512,1)
047 3 (512,512,1)
048 3 (512,512,1)
049 3 (512,512,1)
050 3 (512,512,1)
051 3 (512,512,1)
052 3 (512,512,1)
053 3 (512,512,1)
054 3 (512,512,1)
055 3 (512,512,1)
056 3 (512,512,1)
057 3 (512,512,1)
058 3 (512,512,1)
059 3 (512,512,1)
060 3 (512,512,1)
061 3 (512,512,1)
062 3 (512,512,1)
063 3 (512,512,1)
064 3 (512,512,1)
065 3 (512,512,1)
066 3 (512,512,1)
067 3 (512,512,1)
068 3 (512,512,1)
069 3 (512,512,1)
070 3 (512,512,1)
071 3 (512,512,1)
072 3 (512,512,1)
073 3 (512,512,1)
074 3 (512,512,1)
075 3 (512,512,1)
076 3 (512,512,1)
077 3 (512,512,1)
078 3 (512,512,1)
079 3 (512,512,1)
080 3 (512,512,1)
081 3 (512,512,1)
082 3 (512,512,1)
083 3 (512,512,1)
084 3 (512,512,1)
085 3 (512,512,1)
086 3 (512,512,1)
087 3 (512,512,1)
088 3 (512,512,1)
089 3 (512,512,1)
090 3 (512,512,1)
091 3 (512,512,1)
092 3 (512,512,1)
093 3 (512,512,1)
094 3 (512,512,1)
095 3 (512,512,1)
096 3 (512,512,1)
097 3 (512,512,1)
098 3 (512,512,1)
099 3 (512,512,1)
100 3 (512,512,1)
101 3 (512,512,1)
102 3 (512,512,1)
103 3 (512,512,1)
104 3 (512,512,1)
105 3 (512,512,1)
106 3 (512,512,1)
107 3 (512,512,1)
108 3 (512,512,1)
109 3 (512,512,1)
110 3 (512,512,1)
111 3 (512,512,1)
112 3 (512,512,1)
113 3 (512,512,1)
114 3 (512,512,1)
115 3 (512,512,1)
116 3 (512,512,1)
117 3 (512,512,1)
118 3 (512,512,1)
119 3 (512,512,1)
120 3 (512,512,1)
121 3 (512,512,1)
122 3 (512,512,1)
123 3 (512,512,1)
124 3 (512,512,1)
125 3 (512,512,1)
126 3 (512,512,1)
127 3 (512,512,1)
128 3 (512,512,1)
129 3 (512,512,1)
130 3 (512,512,1)
131 3 (512,512,1)
132 3 (512,512,1)
133 3 (512,512,1)
134 3 (512,512,1)
135 3 (512,512,1)
136 3 (512,512,1)
137 3 (512,512,1)
138 3 (512,512,1)
139 3 (512,512,1)
140 3 (512,512,1)
141 3 (512,512,1)
142 3 (512,512,1)
143 3 (512,512,1)
144 3 (512,512,1)
145 3 (512,512,1)
146 3 (512,512,1)
147 3 (512,512,1)
148 3 (512,512,1)
149 3 (512,512,1)
150 3 (512,512,1)
151 3 (512,512,1)
152 3 (512,512,1)
153 3 (512,512,1)
154 3 (512,512,1)
155 3 (512,512,1)
156 3 (512,512,1)
157 3 (512,512,1)
158 3 (512,512,1)
159 3 (512,512,1)
160 3 (512,512,1)
161 3 (512,512,1)
162 3 (512,512,1)
163 3 (512,512,1)
164 3 (512,512,1)
165 3 (512,512,1)
166 3 (512,512,1)
167 3 (512,512,1)
168 3 (512,512,1)
169 3 (512,512,1)
170 3 (512,512,1)
171 3 (512,512,1)
172 3 (512,512,1)
173 3 (512,512,1)
174 3 (512,512,1)
175 3 (512,512,1)
176 3 (512,512,1)
177 3 (512,512,1)
178 3 (512,512,1)
179 3 (512,512,1)
180 3 (512,512,1)
181 3 (512,512,1)
182 3 (512,512,1)
183 3 (512,512,1)
184 3 (512,512,1)
185 3 (512,512,1)
186 3 (512,512,1)
187 3 (512,512,1)
188 3 (512,512,1)
189 3 (512,512,1)
190 3 (512,512,1)
191 3 (512,512,1)
192 3 (512,512,1)
193 3 (512,512,1)
194 3 (512,512,1)
195 3 (512,512,1)
196 3 (512,512,1)
197 3 (512,512,1)
198 3 (512,512,1)
199 3 (512,512,1)
200 3 (512,512,1)
201 3 (512,512,1)
202 3 (512,512,1)
203 3 (512,512,1)
204 3 (512,512,1)
205 3 (512,512,1)
206 3 (512,512,1)
207 3 (512,512,1)
208 3 (512,512,1)
209 3 (512,512,1)
210 3 (512,512,1)
211 3 (512,512,1)
212 3 (512,512,1)
213 3 (512,512,1)
214 3 (512,512,1)
215 3 (512,512,1)
216 3 (512,512,1)
217 3 (512,512,1)
218 3 (512,512,1)
219 3 (512,512,1)
220 3 (512,512,1)
221 3 (512,512,1)
222 3 (512,512,1)
223 3 (512,512,1)
224 3 (512,512,1)
225 3 (512,512,1)
226 3 (512,512,1)
227 3 (512,512,1)
228 3 (512,512,1)
229 3 (512,512,1)
230 3 (512,512,1)
231 3 (512,512,1)
232 3 (512,512,1)
233 3 (512,512,1)
234 3 (512,512,1)
235 3 (512,512,1)
236 3 (512,512,1)
237 3 (512,512,1)
238 3 (512,512,1)
239 3 (512,512,1)
240 3 (512,512,1)
241 3 (512,512,1)
242 3 (512,512,1)
243 3 (512,512,1)
244 3 (512,512,1)
245 3 (512,512,1)
246 3 (512,512,1)
247 3 (512,512,1)
248 3 (512,512,1)
249 3 (512,512,1)
250 3 (512,512,1)
251 3 (512,512,1)
252 3 (512,512,1)
253 3 (512,512,1)
254 3 (512,512,1)
255 3 (512,512,1)
256 3 (512,512,1)
257 3 (512,512,1)
258 3 (512,512,1)
259 3 (512,512,1)
260 3 (512,512,1)
261 3 (512,512,1)
262 3 (512,512,1)
263 3 (512,512,1)
264 3 (512,512,1)
265 3 (512,512,1)
266 3 (512,512,1)
267 3 (512,512,1)
268 3 (512,512,1)
269 3 (512,512,1)
270 3 (512,512,1)
271 3 (512,512,1)
272 3 (512,512,1)
273 3 (512,512,1)
274 3 (512,512,1)
275 3 (512,512,1)
276 3 (512,512,1)
277 3 (512,512,1)
278 3 (512,512,1)
279 3 (512,512,1)
280 3 (512,512,1)
281 3 (512,512,1)
282 3 (512,512,1)
283 3 (512,512,1)
284 3 (512,512,1)
285 3 (512,512,1)
286 3 (512,512,1)
287 3 (512,512,1)
288 3 (512,512,1)
289 3 (512,512,1)
290 3 (512,512,1)
291 3 (512,512,1)
292 3 (512,512,1)
293 3 (512,512,1)
294 3 (512,512,1)
295 3 (512,512,1)
296 3 (512,512,1)
297 3 (512,512,1)
298 3 (512,512,1)
299 3 (512,512,1)
300 3 (512,512,1)
301 3 (512,512,1)
302 3 (512,512,1)
303 3 (512,512,1)
304 3 (512,512,1)
305 3 (512,512,1)
306 3 (512,512,1)
307 3 (512,512,1)
308 3 (512,512,1)
309 3 (512,512,1)
310 3 (512,512,1)
311 3 (512,512,1)
312 3 (512,512,1)
313 3 (512,512,1)
314 3 (512,512,1)
315 3 (512,512,1)
316 3 (512,512,1)
317 3 (512,512,1)
318 3 (512,512,1)
319 3 (512,512,1)
320 3 (512,512,1)
321 3 (512,512,1)
322 3 (512,512,1)
323 3 (512,512,1)
324 3 (512,512,1)
325 3 (512,512,1)
326 3 (512,512,1)
327 3 (512,512,1)
328 3 (512,512,1)
329 3 (512,512,1)
330 3 (512,512,1)
331 3 (512,512,1)
332 3 (512,512,1)
333 3 (512,512,1)
334 3 (512,512,1)
335 3 (512,512,1)
336 3 (512,512,1)
337 3 (512,512,1)
338 3 (512,512,1)
339 3 (512,512,1)
340 3 (512,512,1)
341 3 (512,512,1)
342 3 (512,512,1)
343 3 (512,512,1)
344 3 (512,512,1)
345 3 (512,512,1)
346 3 (512,512,1)
347 3 (512,512,1)
348 3 (512,512,1)
349 3 (512,512,1)
350 3 (512,512,1)
351 3 (512,512,1)
352 3 (512,512,1)
353 3 (512,512,1)
354 3 (512,512,1)
355 3 (512,512,1)
356 3 (512,512,1)
357 3 (512,512,1)
358 3 (512,512,1)
359 3 (512,512,1)
360 3 (512,512,1)
361 3 (512,512,1)
362 3 (512,512,1)
363 3 (512,512,1)
364 3 (512,512,1)
365 3 (512,512,1)
366 3 (512,512,1)
367 3 (512,512,1)
368 3 (512,512,1)
369 3 (512,512,1)
370 3 (512,512,1)
371 3 (512,512,1)
372 3 (512,512,1)
373 3 (512,512,1)
374 3 (512,512,1)
375 3 (512,512,1)
376 3 (512,512,1)
377 3 (512,512,1)
378 3 (512,512,1)
379 3 (512,512,1)
380 3 (512,512,1)
381 3 (512,512,1)
382 3 (512,512,1)
383 3 (512,512,1)
384 3 (512,512,1)
385 3 (512,512,1)
386 3 (512,512,1)
387 3 (512,512,1)
388 3 (512,512,1)
389 3 (512,512,1)
390 3 (512,512,1)
391 3 (512,512,1)
392 3 (512,512,1)
393 3 (512,512,1)
394 3 (512,512,1)
395 3 (512,512,1)
396 3 (512,512,1)
397 3 (512,512,1)
398 3 (512,512,1)
399 3 (512,512,1)
400 3 (512,512,1)
401 3 (512,512,1)
402 3 (512,512,1)
403 3 (512,512,1)
404 3 (512,512,1)
405 3 (512,512,1)
406 3 (512,512,1)
407 3 (512,512,1)
408 3 (512,512,1)
409 3 (512,512,1)
410 3 (512,512,1)
411 3 (512,512,1)
412 3 (512,512,1)
413 3 (512,512,1)
414 3 (512,512,1)
415 3 (512,512,1)
416 3 (512,512,1)
417 3 (512,512,1)
418 3 (512,512,1)
419 3 (512,512,1)
420 3 (512,512,1)
421 3 (512,512,1)
422 3 (512,512,1)
423 3 (512,512,1)
424 3 (512,512,1)
425 3 (512,512,1)
426 3 (512,512,1)
427 3 (512,512,1)
428 3 (512,512,1)
429 3 (512,512,1)
430 3 (512,512,1)
431 3 (512,512,1)
432 3 (512,512,1)
433 3 (512,512,1)
434 3 (512,512,1)
435 3 (512,512,1)
436 3 (512,512,1)
437 3 (512,512,1)
438 3 (512,512,1)
439 3 (512,512,1)
440 3 (512,512,1)
441 3 (512,512,1)
442 3 (512,512,1)
443 3 (512,512,1)
444 3 (512,512,1)
445 3 (512,512,1)
446 3 (512,512,1)
447 3 (512,512,1)
448 3 (512,512,1)
449 3 (512,512,1)
450 3 (512,512,1)
451 3 (512,512,1)
452 3 (512,512,1)
453 3 (512,512,1)
454 3 (512,512,1)
455 3 (512,512,1)
456 3 (512,512,1)
457 3 (512,512,1)
458 3 (512,512,1)
459 3 (512,512,1)
460 3 (512,512,1)
461 3 (512,512,1)
462 3 (512,512,1)
463 3 (512,512,1)
464 3 (512,512,1)
465 3 (512,512,1)
466 3 (512,512,1)
467 3 (512,512,1)
468 3 (512,512,1)
469 3 (512,512,1)
470 3 (512,512,1)
471 3 (512,512,1)
472 3 (512,512,1)
473 3 (512,512,1)
474 3 (512,512,1)
475 3 (512,512,1)
476 3 (512,512,1)
477 3 (512,512,1)
478 3 (512,512,1)
479 3 (512,512,1)
480 3 (512,512,1)
481 3 (512,512,1)
482 3 (512,512,1)
483 3 (512,512,1)
484 3 (512,512,1)
485 3 (512,512,1)
486 3 (512,512,1)
487 3 (512,512,1)
488 3 (512,512,1)
489 3 (512,512,1)
490 3 (512,512,1)
491 3 (512,512,1)
492 3 (512,512,1)
493 3 (512,512,1)
494 3 (512,512,1)
495 3 (512,512,1)
496 3 (512,512,1)
497 3 (512,512,1)
498 3 (512,512,1)
499 3 (512,512,1)
500 3 (512,512,1)
501 3 (512,512,1)
502 3 (512,512,1)
503 3 (512,512,1)
504 3 (512,512,1)
505 3 (512,512,1)
506 3 (512,512,1)
507 3 (512,512,1)
508 3 (512,512,1)
509 3 (512,512,1)
510 3 (512,512,1)
511 3 (512,512,1)
512 3 (512,512,1)
513 3 (512,512,1)
514 3 (512,512,1)
515 3 (512,512,1)
516 3 (512,512,1)
517 3 (512,512,1)
518 3 (512,512,1)
519 3 (512,512,1)
520 3 (512,512,1)
521 3 (512,512,1)
522 3 (512,512,1)
523 3 (512,512,1)
524 3 (512,512,1)
525 3 (512,512,1)
526 3 (512,512,1)
527 3 (512,512,1)
528 3 (512,512,1)
529 3 (512,512,1)
530 3 (512,512,1)
531 3 (512,512,1)
532 3 (512,512,1)
533 3 (512,512,1)
534 3 (512,512,1)
535 3 (512,512,1)
536 3 (512,512,1)
537 3 (512,512,1)
538 3 (512,512,1)
539 3 (512,512,1)
540 3 (512,512,1)
541 3 (512,512,1)
542 3 (512,512,1)
543 3 (512,512,1)
544 3 (512,512,1)
545 3 (512,512,1)
546 3 (512,512,1)
547 3 (512,512,1)
548 3 (512,512,1)
549 3 (512,512,1)
550 3 (512,512,1)
551 3 (512,512,1)
552 3 (512,512,1)
553 3 (512,512,1)
554 3 (512,512,1)
555 3 (512,512,1)
556 3 (512,512,1)
557 3 (512,512,1)
558 3 (512,512,1)
559 3 (512,512,1)
560 3 (512,512,1)
561 3 (512,512,1)
562 3 (512,512,1)
563 3 (512,512,1)
564 3 (512,512,1)
565 3 (512,512,1)
566 3 (512,512,1)
567 3 (512,512,1)
568 3 (512,512,1)
569 3 (512,512,1)
570 3 (512,512,1)
571 3 (512,512,1)
572 3 (512,512,1)
573 3 (512,512,1)
574 3 (512,512,1)
575 3 (512,512,1)
576 3 (512,512,1)
577 3 (512,512,1)
578 3 (512,512,1)
579 3 (512,512,1)
580 3 (512,512,1)
581 3 (512,512,1)
582 3 (512,512,1)
583 3 (512,512,1)
584 3 (512,512,1)
585 3 (512,512,1)
586 3 (512,512,1)
587 3 (512,512,1)
588 3 (512,512,1)
589 3 (512,512,1)
590 3 (512,512,1)
591 3 (512,512,1)
592 3 (512,512,1)
593 3 (512,512,1)
594 3 (512,512,1)
595 3 (512,512,1)
596 3 (512,512,1)
597 3 (512,512,1)
598 3 (512,512,1)
599 3 (512,512,1)
600 3 (512,512,1)
601 3 (512,512,1)
602 3 (512,512,1)
603 3 (512,512,1)
604 3 (512,512,1)
605 3 (512,512,1)
606 3 (512,512,1)
607 3 (512,512,1)
608 3 (512,512,1)
609 3 (512,512,1)
610 3 (512,512,1)
611 3 (512,512,1)
612 3 (512,512,1)
613 3 (512,512,1)
614 3 (512,512,1)
615 3 (512,512,1)
616 3 (512,512,1)
617 3 (512,512,1)
618 3 (512,512,1)
619 3 (512,512,1)
620 3 (512,512,1)
621 3 (512,512,1)
622 3 (512,512,1)
623 3 (512,512,1)
624 3 (512,512,1)
625 3 (512,512,1)
626 3 (512,512,1)
627 3 (512,512,1)
628 3 (512,512,1)
629 3 (512,512,1)
630 3 (512,512,1)
631 3 (512,512,1)
632 3 (512,512,1)
633 3 (512,512,1)
634 3 (512,512,1)
635 3 (512,512,1)
636 3 (512,512,1)
637 3 (512,512,1)
638 3 (512,512,1)
639 3 (512,512,1)
640 3 (512,512,1)
641 3 (512,512,1)
642 3 (512,512,1)
643 3 (512,512,1)
644 3 (512,512,1)
645 3 (512,512,1)
646 3 (512,512,1)
647 3 (512,512,1)
648 3 (512,512,1)
649 3 (512,512,1)
650 3 (512,512,1)
651 3 (512,512,1)
652 3 (512,512,1)
653 3 (512,512,1)
654 3 (512,512,1)
655 3 (512,512,1)
656 3 (512,512,1)
657 3 (512,512,1)
658 3 (512,512,1)
659 3 (512,512,1)
660 3 (512,512,1)
661 3 (512,512,1)
662 3 (512,512,1)
663 3 (512,512,1)
664 3 (512,512,1)
665 3 (512,512,1)
666 3 (512,512,1)
667 3 (512,512,1)
668 3 (512,512,1)
669 3 (512,512,1)
670 3 (512,512,1)
671 3 (512,512,1)
672 3 (512,512,1)
673 3 (512,512,1)
674 3 (512,512,1)
675 3 (512,512,1)
676 3 (512,512,1)
677 3 (512,512,1)
678 3 (512,512,1)
679 3 (512,512,1)
680 3 (512,512,1)
681 3 (512,512,1)
682 3 (512,512,1)
683 3 (512,512,1)
684 3 (512,512,1)
685 3 (512,512,1)
686 3 (512,512,1)
687 3 (512,512,1)
688 3 (512,512,1)
689 3 (512,512,1)
690 3 (512,512,1)
691 3 (512,512,1)
692 3 (512,512,1)
693 3 (512,512,1)
694 3 (512,512,1)
695 3 (512,512,1)
696 3 (512,512,1)
697 3 (512,512,1)
698 3 (512,512,1)
699 3 (512,512,1)
700 3 (512,512,1)
701 3 (512,512,1)
702 3 (512,512,1)
703 3 (512,512,1)
704 3 (512,512,1)
705 3 (512,512,1)
706 3 (512,512,1)
707 3 (512,512,1)
708 3 (512,512,1)
709 3 (512,512,1)
710 3 (512,512,1)
711 3 (512,512,1)
712 3 (512,512,1)
713 3 (512,512,1)
714 3 (512,512,1)
715 3 (512,512,1)
716 3 (512,512,1)
717 3 (512,512,1)
718 3 (512,512,1)
719 3 (512,512,1)
720 3 (512,512,1)
721 3 (512,512,1)
722 3 (512,512,1)
723 3 (512,512,1)
724 3 (512,512,1)
725 3 (512,512,1)
726 3 (512,512,1)
727 3 (512,512,1)
728 3 (512,512,1)
729 3 (512,512,1)
730 3 (512,512,1)
731 3 (512,512,1)
732 3 (512,512,1)
733 3 (512,512,1)
734 3 (512,512,1)
735 3 (512,512,1)
736 3 (512,512,1)
737 3 (512,512,1)
738 3 (512,512,1)
739 3 (512,512,1)
740 3 (512,512,1)
741 3 (512,512,1)
742 3 (512,512,1)
743 3 (512,512,1)
744 3 (512,512,1)
745 3 (512,512,1)
746 3 (512,512,1)
747 3 (512,512,1)
748 3 (512,512,1)
749 3 (512,512,1)
750 3 (512,512,1)
751 3 (512,512,1)
752 3 (512,512,1)
753 3 (512,512,1)
754 3 (512,512,1)
755 3 (512,512,1)
756 3 (512,512,1)
757 3 (512,512,1)
758 3 (512,512,1)
759 3 (512,512,1)
760 3 (512,512,1)
761 3 (512,512,1)
762 3 (512,512,1)
763 3 (512,512,1)
764 3 (512,512,1)
765 3 (512,512,1)
766 3 (512,512,1)
767 3 (512,512,1)
768 3 (512,512,1)
769 3 (512,512,1)
770 3 (512,512,1)
771 3 (512,512,1)
772 3 (512,512,1)
773 3 (512,512,1)
774 3 (512,512,1)
775 3 (512,512,1)
776 3 (512,512,1)
777 3 (512,512,1)
778 3 (512,512,1)
779 3 (512,512,1)
780 3 (512,512,1)
781 3 (512,512,1)
782 3 (512,512,1)
783 3 (512,512,1)
784 3 (512,512,1)
785 3 (512,512,1)
786 3 (512,512,1)
787 3 (512,512,1)
788 3 (512,512,1)
789 3 (512,512,1)
790 3 (512,512,1)
791 3 (512,512,1)
792 3 (512,512,1)
793 3 (512,512,1)
794 3 (512,512,1)
795 3 (512,512,1)
796 3 (512,512,1)
797 3 (512,512,1)
798 3 (512,512,1)
799 3 (512,512,1)
800 3 (512,512,1)
801 3 (512,512,1)
802 3 (512,512,1)
803 3 (512,512,1)
804 3 (512,512,1)
805 3 (512,512,1)
806 3 (512,512,1)
807 3 (512,512,1)
808 3 (512,512,1)
809 3 (512,512,1)
810 3 (512,512,1)
811 3 (512,512,1)
812 3 (512,512,1)
813 3 (512,512,1)
814 3 (512,512,1)
815 3 (512,512,1)
816 3 (512,512,1)
817 3 (512,512,1)
818 3 (512,512,1)
819 3 (512,512,1)
820 3 (512,512,1)
821 3 (512,512,1)
822 3 (512,512,1)
823 3 (512,512,1)
824 3 (512,512,1)
825 3 (512,512,1)
826 3 (512,512,1)
827 3 (512,512,1)
828 3 (512,512,1)
829 3 (512,512,1)
830 3 (512,512,1)
831 3 (512,512,1)
832 3 (512,512,1)
833 3 (512,512,1)
834 3 (512,512,1)
835 3 (512,512,1)
836 3 (512,512,1)
837 3 (512,512,1)
838 3 (512,512,1)
839 3 (512,512,1)
840 3 (512,512,1)
841 3 (512,512,1)
842 3 (512,512,1)
843 3 (512,512,1)
844 3 (512,512,1)
845 3 (512,512,1)
846 3 (512,512,1)
847 3 (512,512,1)
848 3 (512,512,1)
849 3 (512,512,1)
850 3 (512,512,1)
851 3 (512,512,1)
852 3 (512,512,1)
853 3 (512,512,1)
854 3 (512,512,1)
855 3 (512,512,1)
856 3 (512,512,1)
857 3 (512,512,1)
858 3 (512,512,1)
859 3 (512,512,1)
860 3 (512,512,1)
861 3 (512,512,1)
862 3 (512,512,1)
863 3 (512,512,1)
864 3 (512,512,1)
865 3 (512,512,1)
866 3 (512,512,1)
867 3 (512,512,1)
868 3 (512,512,1)
869 3 (512,512,1)
870 3 (512,512,1)
871 3 (512,512,1)
872 3 (512,512,1)
873 3 (512,512,1)
874 3 (512,512,1)
875 3 (512,512,1)
876 3 (512,512,1)
877 3 (512,512,1)
878 3 (512,512,1)
879 3 (512,512,1)
880 3 (512,512,1)
881 3 (512,512,1)
882 3 (512,512,1)
883 3 (512,512,1)
884 3 (512,512,1)
885 3 (512,512,1)
886 3 (512,512,1)
887 3 (512,512,1)
888 3 (512,512,1)
889 3 (512,512,1)
890 3 (512,512,1)
891 3 (512,512,1)
892 3 (512,512,1)
893 3 (512,512,1)
894 3 (512,512,1)
895 3 (512,512,1)
896 3 (512,512,1)
897 3 (512,512,1)
898 3 (512,512,1)
899 3 (512,512,1)
900 3 (512,512,1)



































































































