000 40 (512,512,1)
001 40 (512,512,1)
002 40 (512,512,1)
003 40 (512,512,1)
004 40 (512,512,1)
005 40 (512,512,1)
006 40 (512,512,1)
007 40 (512,512,1)
008 40 (512,512,1)
009 40 (512,512,1)
010 40 (512,512,1)
011 40 (512,512,1)
012 40 (512,512,1)
013 40 (512,512,1)
014 40 (512,512,1)
015 40 (512,512,1)
016 40 (512,512,1)
017 40 (512,512,1)
018 40 (512,512,1)
019 40 (512,512,1)
020 40 (512,512,1)
021 40 (512,512,1)
022 40 (512,512,1)
023 40 (512,512,1)
024 40 (512,512,1)
025 40 (512,512,1)
026 40 (512,512,1)
027 40 (512,512,1)
028 40 (512,512,1)
029 40 (512,512,1)
030 40 (512,512,1)
031 40 (512,512,1)
032 40 (512,512,1)
033 40 (512,512,1)
034 40 (512,512,1)
035 40 (512,512,1)
036 40 (512,512,1)
037 40 (512,512,1)
038 40 (512,512,1)
039 40 (512,512,1)
040 40 (512,512,1)
041 40 (512,512,1)
042 40 (512,512,1)
043 40 (512,512,1)
044 40 (512,512,1)
045 40 (512,512,1)
046 40 (512,512,1)
047 40 (512,512,1)
048 40 (512,512,1)
049 40 (512,512,1)
050 40 (512,512,1)
051 40 (512,512,1)
052 40 (512,512,1)
053 40 (512,512,1)
054 40 (512,512,1)
055 40 (512,512,1)
056 40 (512,512,1)
057 40 (512,512,1)
058 40 (512,512,1)
059 40 (512,512,1)
060 40 (512,512,1)
061 40 (512,512,1)
062 40 (512,512,1)
063 40 (512,512,1)
064 40 (512,512,1)
065 40 (512,512,1)
066 40 (512,512,1)
067 40 (512,512,1)
068 40 (512,512,1)
069 40 (512,512,1)
070 40 (512,512,1)
071 40 (512,512,1)
072 40 (512,512,1)
073 40 (512,512,1)
074 40 (512,512,1)
075 40 (512,512,1)
076 40 (512,512,1)
077 40 (512,512,1)
078 40 (512,512,1)
079 40 (512,512,1)
080 40 (512,512,1)
081 40 (512,512,1)
082 40 (512,512,1)
083 40 (512,512,1)
084 40 (512,512,1)
085 40 (512,512,1)
086 40 (512,512,1)
087 40 (512,512,1)
088 40 (512,512,1)
089 40 (512,512,1)
090 40 (512,512,1)
091 40 (512,512,1)
092 40 (512,512,1)
093 40 (512,512,1)
094 40 (512,512,1)
095 40 (512,512,1)
096 40 (512,512,1)
097 40 (512,512,1)
098 40 (512,512,1)
099 40 (512,512,1)
100 40 (512,512,1)
101 40 (512,512,1)
102 40 (512,512,1)
103 40 (512,512,1)
104 40 (512,512,1)
105 40 (512,512,1)
106 40 (512,512,1)
107 40 (512,512,1)
108 40 (512,512,1)
109 40 (512,512,1)
110 40 (512,512,1)
111 40 (512,512,1)
112 40 (512,512,1)
113 40 (512,512,1)
114 40 (512,512,1)
115 40 (512,512,1)
116 40 (512,512,1)
117 40 (512,512,1)
118 40 (512,512,1)
119 40 (512,512,1)
120 40 (512,512,1)
121 40 (512,512,1)
122 40 (512,512,1)
123 40 (512,512,1)
124 40 (512,512,1)
125 40 (512,512,1)
126 40 (512,512,1)
127 40 (512,512,1)
128 40 (512,512,1)
129 40 (512,512,1)
130 40 (512,512,1)
131 40 (512,512,1)
132 40 (512,512,1)
133 40 (512,512,1)
134 40 (512,512,1)
135 40 (512,512,1)
136 40 (512,512,1)
137 40 (512,512,1)
138 40 (512,512,1)
139 40 (512,512,1)
140 40 (512,512,1)
141 40 (512,512,1)
142 40 (512,512,1)
143 40 (512,512,1)
144 40 (512,512,1)
145 40 (512,512,1)
146 40 (512,512,1)
147 40 (512,512,1)
148 40 (512,512,1)
149 40 (512,512,1)
150 40 (512,512,1)
151 40 (512,512,1)
152 40 (512,512,1)
153 40 (512,512,1)
154 40 (512,512,1)
155 40 (512,512,1)
156 40 (512,512,1)
157 40 (512,512,1)
158 40 (512,512,1)
159 40 (512,512,1)
160 40 (512,512,1)
161 40 (512,512,1)
162 40 (512,512,1)
163 40 (512,512,1)
164 40 (512,512,1)
165 40 (512,512,1)
166 40 (512,512,1)
167 40 (512,512,1)
168 40 (512,512,1)
169 40 (512,512,1)
170 40 (512,512,1)
171 40 (512,512,1)
172 40 (512,512,1)
173 40 (512,512,1)
174 40 (512,512,1)
175 40 (512,512,1)
176 40 (512,512,1)
177 40 (512,512,1)
178 40 (512,512,1)
179 40 (512,512,1)
180 40 (512,512,1)
181 40 (512,512,1)
182 40 (512,512,1)
183 40 (512,512,1)
184 40 (512,512,1)
185 40 (512,512,1)
186 40 (512,512,1)
187 40 (512,512,1)
188 40 (512,512,1)
189 40 (512,512,1)
190 40 (512,512,1)
191 40 (512,512,1)
192 40 (512,512,1)
193 40 (512,512,1)
194 40 (512,512,1)
195 40 (512,512,1)
196 40 (512,512,1)
197 40 (512,512,1)
198 40 (512,512,1)
199 40 (512,512,1)
200 40 (512,512,1)
201 40 (512,512,1)
202 40 (512,512,1)
203 40 (512,512,1)
204 40 (512,512,1)
205 40 (512,512,1)
206 40 (512,512,1)
207 40 (512,512,1)
208 40 (512,512,1)
209 40 (512,512,1)
210 40 (512,512,1)
211 40 (512,512,1)
212 40 (512,512,1)
213 40 (512,512,1)
214 40 (512,512,1)
215 40 (512,512,1)
216 40 (512,512,1)
217 40 (512,512,1)
218 40 (512,512,1)
219 40 (512,512,1)
220 40 (512,512,1)
221 40 (512,512,1)
222 40 (512,512,1)
223 40 (512,512,1)
224 40 (512,512,1)
225 40 (512,512,1)
226 40 (512,512,1)
227 40 (512,512,1)
228 40 (512,512,1)
229 40 (512,512,1)
230 40 (512,512,1)
231 40 (512,512,1)
232 40 (512,512,1)
233 40 (512,512,1)
234 40 (512,512,1)
235 40 (512,512,1)
236 40 (512,512,1)
237 40 (512,512,1)
238 40 (512,512,1)
239 40 (512,512,1)
