000 2 (512,512,1)
001 2 (512,512,1)
002 2 (512,512,1)
003 2 (512,512,1)
004 2 (512,512,1)
005 2 (512,512,1)
006 2 (512,512,1)
007 2 (512,512,1)
008 2 (512,512,1)
009 2 (512,512,1)
010 2 (512,512,1)
011 2 (512,512,1)
012 2 (512,512,1)
013 2 (512,512,1)
014 2 (512,512,1)
015 2 (512,512,1)
016 2 (512,512,1)
017 2 (512,512,1)
018 2 (512,512,1)
019 2 (512,512,1)
020 2 (512,512,1)
021 2 (512,512,1)
022 2 (512,512,1)
023 2 (512,512,1)
024 2 (512,512,1)
025 2 (512,512,1)
026 2 (512,512,1)
027 2 (512,512,1)
028 2 (512,512,1)
029 2 (512,512,1)
030 2 (512,512,1)
031 2 (512,512,1)
032 2 (512,512,1)
033 2 (512,512,1)
034 2 (512,512,1)
035 2 (512,512,1)
036 2 (512,512,1)
037 2 (512,512,1)
038 2 (512,512,1)
039 2 (512,512,1)
040 2 (512,512,1)
041 2 (512,512,1)
042 2 (512,512,1)
043 2 (512,512,1)
044 2 (512,512,1)
045 2 (512,512,1)
046 2 (512,512,1)
047 2 (512,512,1)
048 2 (512,512,1)
049 2 (512,512,1)
050 2 (512,512,1)
051 2 (512,512,1)
052 2 (512,512,1)
053 2 (512,512,1)
054 2 (512,512,1)
055 2 (512,512,1)
056 2 (512,512,1)
057 2 (512,512,1)
058 2 (512,512,1)
059 2 (512,512,1)
060 2 (512,512,1)
061 2 (512,512,1)
062 2 (512,512,1)
063 2 (512,512,1)
064 2 (512,512,1)
065 2 (512,512,1)
066 2 (512,512,1)
067 2 (512,512,1)
068 2 (512,512,1)
069 2 (512,512,1)
070 2 (512,512,1)
071 2 (512,512,1)
072 2 (512,512,1)
073 2 (512,512,1)
074 2 (512,512,1)
075 2 (512,512,1)
076 2 (512,512,1)
077 2 (512,512,1)
078 2 (512,512,1)
079 2 (512,512,1)
080 2 (512,512,1)
081 2 (512,512,1)
082 2 (512,512,1)
083 2 (512,512,1)
084 2 (512,512,1)
085 2 (512,512,1)
086 2 (512,512,1)
087 2 (512,512,1)
088 2 (512,512,1)
089 2 (512,512,1)
090 2 (512,512,1)
091 2 (512,512,1)
092 2 (512,512,1)
093 2 (512,512,1)
094 2 (512,512,1)
095 2 (512,512,1)
096 2 (512,512,1)
097 2 (512,512,1)
098 2 (512,512,1)
099 2 (512,512,1)
100 2 (512,512,1)
101 2 (512,512,1)
102 2 (512,512,1)
103 2 (512,512,1)
104 2 (512,512,1)
105 2 (512,512,1)
106 2 (512,512,1)
107 2 (512,512,1)
108 2 (512,512,1)
109 2 (512,512,1)
110 2 (512,512,1)
111 2 (512,512,1)
112 2 (512,512,1)
113 2 (512,512,1)
114 2 (512,512,1)
115 2 (512,512,1)
116 2 (512,512,1)
117 2 (512,512,1)
118 2 (512,512,1)
119 2 (512,512,1)
120 2 (512,512,1)
121 2 (512,512,1)
122 2 (512,512,1)
123 2 (512,512,1)
124 2 (512,512,1)
125 2 (512,512,1)
126 2 (512,512,1)
127 2 (512,512,1)
128 2 (512,512,1)
129 2 (512,512,1)
130 2 (512,512,1)
131 2 (512,512,1)
132 2 (512,512,1)
133 2 (512,512,1)
134 2 (512,512,1)
135 2 (512,512,1)
136 2 (512,512,1)
137 2 (512,512,1)
138 2 (512,512,1)
139 2 (512,512,1)
140 2 (512,512,1)
141 2 (512,512,1)
142 2 (512,512,1)
143 2 (512,512,1)
144 2 (512,512,1)
145 2 (512,512,1)
146 2 (512,512,1)
147 2 (512,512,1)
148 2 (512,512,1)
149 2 (512,512,1)
150 2 (512,512,1)
151 2 (512,512,1)
152 2 (512,512,1)
153 2 (512,512,1)
154 2 (512,512,1)
155 2 (512,512,1)
156 2 (512,512,1)
157 2 (512,512,1)
158 2 (512,512,1)
159 2 (512,512,1)
160 2 (512,512,1)
161 2 (512,512,1)
162 2 (512,512,1)
163 2 (512,512,1)
164 2 (512,512,1)
165 2 (512,512,1)
166 2 (512,512,1)
167 2 (512,512,1)
168 2 (512,512,1)
169 2 (512,512,1)
170 2 (512,512,1)
171 2 (512,512,1)
172 2 (512,512,1)
173 2 (512,512,1)
174 2 (512,512,1)
175 2 (512,512,1)
176 2 (512,512,1)
177 2 (512,512,1)
178 2 (512,512,1)
179 2 (512,512,1)
180 2 (512,512,1)
181 2 (512,512,1)
182 2 (512,512,1)
183 2 (512,512,1)
184 2 (512,512,1)
185 2 (512,512,1)
186 2 (512,512,1)
187 2 (512,512,1)
188 2 (512,512,1)
189 2 (512,512,1)
190 2 (512,512,1)
191 2 (512,512,1)
192 2 (512,512,1)
193 2 (512,512,1)
194 2 (512,512,1)
195 2 (512,512,1)
196 2 (512,512,1)
197 2 (512,512,1)
198 2 (512,512,1)
199 2 (512,512,1)
200 2 (512,512,1)
201 2 (512,512,1)
202 2 (512,512,1)
203 2 (512,512,1)
204 2 (512,512,1)
205 2 (512,512,1)
206 2 (512,512,1)
207 2 (512,512,1)
208 2 (512,512,1)
209 2 (512,512,1)
210 2 (512,512,1)
211 2 (512,512,1)
212 2 (512,512,1)
213 2 (512,512,1)
214 2 (512,512,1)
215 2 (512,512,1)
216 2 (512,512,1)
217 2 (512,512,1)
218 2 (512,512,1)
219 2 (512,512,1)
220 2 (512,512,1)
221 2 (512,512,1)
222 2 (512,512,1)
223 2 (512,512,1)
224 2 (512,512,1)
225 2 (512,512,1)
226 2 (512,512,1)
227 2 (512,512,1)
228 2 (512,512,1)
229 2 (512,512,1)
230 2 (512,512,1)
231 2 (512,512,1)
232 2 (512,512,1)
233 2 (512,512,1)
234 2 (512,512,1)
235 2 (512,512,1)
236 2 (512,512,1)
237 2 (512,512,1)
238 2 (512,512,1)
239 2 (512,512,1)
240 2 (512,512,1)
241 2 (512,512,1)
242 2 (512,512,1)
243 2 (512,512,1)
244 2 (512,512,1)
245 2 (512,512,1)
246 2 (512,512,1)
247 2 (512,512,1)
248 2 (512,512,1)
249 2 (512,512,1)
250 2 (512,512,1)
251 2 (512,512,1)
252 2 (512,512,1)
253 2 (512,512,1)
254 2 (512,512,1)
255 2 (512,512,1)
256 2 (512,512,1)
257 2 (512,512,1)
258 2 (512,512,1)
259 2 (512,512,1)
260 2 (512,512,1)
261 2 (512,512,1)
262 2 (512,512,1)
263 2 (512,512,1)
264 2 (512,512,1)
265 2 (512,512,1)
266 2 (512,512,1)
267 2 (512,512,1)
268 2 (512,512,1)
269 2 (512,512,1)
270 2 (512,512,1)
271 2 (512,512,1)
272 2 (512,512,1)
273 2 (512,512,1)
274 2 (512,512,1)
275 2 (512,512,1)
276 2 (512,512,1)
277 2 (512,512,1)
278 2 (512,512,1)
279 2 (512,512,1)
280 2 (512,512,1)
281 2 (512,512,1)
282 2 (512,512,1)
283 2 (512,512,1)
284 2 (512,512,1)
285 2 (512,512,1)
286 2 (512,512,1)
287 2 (512,512,1)
288 2 (512,512,1)
289 2 (512,512,1)
290 2 (512,512,1)
291 2 (512,512,1)
292 2 (512,512,1)
293 2 (512,512,1)
294 2 (512,512,1)
295 2 (512,512,1)
296 2 (512,512,1)
297 2 (512,512,1)
298 2 (512,512,1)
299 2 (512,512,1)
300 2 (512,512,1)
301 2 (512,512,1)
302 2 (512,512,1)
303 2 (512,512,1)
304 2 (512,512,1)
305 2 (512,512,1)
306 2 (512,512,1)
307 2 (512,512,1)
308 2 (512,512,1)
309 2 (512,512,1)
310 2 (512,512,1)
311 2 (512,512,1)
312 2 (512,512,1)
313 2 (512,512,1)
314 2 (512,512,1)
315 2 (512,512,1)
316 2 (512,512,1)
317 2 (512,512,1)
318 2 (512,512,1)
319 2 (512,512,1)
320 2 (512,512,1)
321 2 (512,512,1)
322 2 (512,512,1)
323 2 (512,512,1)
324 2 (512,512,1)
325 2 (512,512,1)
326 2 (512,512,1)
327 2 (512,512,1)
328 2 (512,512,1)
329 2 (512,512,1)
330 2 (512,512,1)
331 2 (512,512,1)
332 2 (512,512,1)
333 2 (512,512,1)
334 2 (512,512,1)
335 2 (512,512,1)
336 2 (512,512,1)
337 2 (512,512,1)
338 2 (512,512,1)
339 2 (512,512,1)
340 2 (512,512,1)
341 2 (512,512,1)
342 2 (512,512,1)
343 2 (512,512,1)
344 2 (512,512,1)
345 2 (512,512,1)
346 2 (512,512,1)
347 2 (512,512,1)
348 2 (512,512,1)
349 2 (512,512,1)
350 2 (512,512,1)
351 2 (512,512,1)
352 2 (512,512,1)
353 2 (512,512,1)
354 2 (512,512,1)
355 2 (512,512,1)
356 2 (512,512,1)
357 2 (512,512,1)
358 2 (512,512,1)
359 2 (512,512,1)
360 2 (512,512,1)
361 2 (512,512,1)
362 2 (512,512,1)
363 2 (512,512,1)
364 2 (512,512,1)
365 2 (512,512,1)
366 2 (512,512,1)
367 2 (512,512,1)
368 2 (512,512,1)
369 2 (512,512,1)
370 2 (512,512,1)
371 2 (512,512,1)
372 2 (512,512,1)
373 2 (512,512,1)
374 2 (512,512,1)
375 2 (512,512,1)
376 2 (512,512,1)
377 2 (512,512,1)
378 2 (512,512,1)
379 2 (512,512,1)
380 2 (512,512,1)
381 2 (512,512,1)
382 2 (512,512,1)
383 2 (512,512,1)
384 2 (512,512,1)
385 2 (512,512,1)
386 2 (512,512,1)
387 2 (512,512,1)
388 2 (512,512,1)
389 2 (512,512,1)
390 2 (512,512,1)
391 2 (512,512,1)
392 2 (512,512,1)
393 2 (512,512,1)
394 2 (512,512,1)
395 2 (512,512,1)
396 2 (512,512,1)
397 2 (512,512,1)
398 2 (512,512,1)
399 2 (512,512,1)
400 2 (512,512,1)
401 2 (512,512,1)
402 2 (512,512,1)
403 2 (512,512,1)
404 2 (512,512,1)
405 2 (512,512,1)
406 2 (512,512,1)
407 2 (512,512,1)
408 2 (512,512,1)
409 2 (512,512,1)
410 2 (512,512,1)
411 2 (512,512,1)
412 2 (512,512,1)
413 2 (512,512,1)
414 2 (512,512,1)
415 2 (512,512,1)
416 2 (512,512,1)
417 2 (512,512,1)
418 2 (512,512,1)
419 2 (512,512,1)
420 2 (512,512,1)
421 2 (512,512,1)
422 2 (512,512,1)
423 2 (512,512,1)
424 2 (512,512,1)
425 2 (512,512,1)
426 2 (512,512,1)
427 2 (512,512,1)
428 2 (512,512,1)
429 2 (512,512,1)
430 2 (512,512,1)
431 2 (512,512,1)
432 2 (512,512,1)
433 2 (512,512,1)
434 2 (512,512,1)
435 2 (512,512,1)
436 2 (512,512,1)
437 2 (512,512,1)
438 2 (512,512,1)
439 2 (512,512,1)
440 2 (512,512,1)
441 2 (512,512,1)
442 2 (512,512,1)
443 2 (512,512,1)
444 2 (512,512,1)
445 2 (512,512,1)
446 2 (512,512,1)
447 2 (512,512,1)
448 2 (512,512,1)
449 2 (512,512,1)
450 2 (512,512,1)
451 2 (512,512,1)
452 2 (512,512,1)
453 2 (512,512,1)
454 2 (512,512,1)
455 2 (512,512,1)
456 2 (512,512,1)
457 2 (512,512,1)
458 2 (512,512,1)
459 2 (512,512,1)
460 2 (512,512,1)
461 2 (512,512,1)
462 2 (512,512,1)
463 2 (512,512,1)
464 2 (512,512,1)
465 2 (512,512,1)
466 2 (512,512,1)
467 2 (512,512,1)
468 2 (512,512,1)
469 2 (512,512,1)
470 2 (512,512,1)
471 2 (512,512,1)
472 2 (512,512,1)
473 2 (512,512,1)
474 2 (512,512,1)
475 2 (512,512,1)
476 2 (512,512,1)
477 2 (512,512,1)
478 2 (512,512,1)
479 2 (512,512,1)
480 2 (512,512,1)
481 2 (512,512,1)
482 2 (512,512,1)
483 2 (512,512,1)
484 2 (512,512,1)
485 2 (512,512,1)
486 2 (512,512,1)
487 2 (512,512,1)
488 2 (512,512,1)
489 2 (512,512,1)
490 2 (512,512,1)
491 2 (512,512,1)
492 2 (512,512,1)
493 2 (512,512,1)
494 2 (512,512,1)
495 2 (512,512,1)
496 2 (512,512,1)
497 2 (512,512,1)
498 2 (512,512,1)
499 2 (512,512,1)
500 2 (512,512,1)
501 2 (512,512,1)
502 2 (512,512,1)
503 2 (512,512,1)
504 2 (512,512,1)
505 2 (512,512,1)
506 2 (512,512,1)
507 2 (512,512,1)
508 2 (512,512,1)
509 2 (512,512,1)
510 2 (512,512,1)
511 2 (512,512,1)
512 2 (512,512,1)
513 2 (512,512,1)
514 2 (512,512,1)
515 2 (512,512,1)
516 2 (512,512,1)
517 2 (512,512,1)
518 2 (512,512,1)
519 2 (512,512,1)
520 2 (512,512,1)
521 2 (512,512,1)
522 2 (512,512,1)
523 2 (512,512,1)
524 2 (512,512,1)
525 2 (512,512,1)
526 2 (512,512,1)
527 2 (512,512,1)
528 2 (512,512,1)
529 2 (512,512,1)
530 2 (512,512,1)
531 2 (512,512,1)
532 2 (512,512,1)
533 2 (512,512,1)
534 2 (512,512,1)
535 2 (512,512,1)
536 2 (512,512,1)
537 2 (512,512,1)
538 2 (512,512,1)
539 2 (512,512,1)
540 2 (512,512,1)
541 2 (512,512,1)
542 2 (512,512,1)
543 2 (512,512,1)
544 2 (512,512,1)
545 2 (512,512,1)
546 2 (512,512,1)
547 2 (512,512,1)
548 2 (512,512,1)
549 2 (512,512,1)
550 2 (512,512,1)
551 2 (512,512,1)
552 2 (512,512,1)
553 2 (512,512,1)
554 2 (512,512,1)
555 2 (512,512,1)
556 2 (512,512,1)
557 2 (512,512,1)
558 2 (512,512,1)
559 2 (512,512,1)
560 2 (512,512,1)
561 2 (512,512,1)
562 2 (512,512,1)
563 2 (512,512,1)
564 2 (512,512,1)
565 2 (512,512,1)
566 2 (512,512,1)
567 2 (512,512,1)
568 2 (512,512,1)
569 2 (512,512,1)
570 2 (512,512,1)
571 2 (512,512,1)
572 2 (512,512,1)
573 2 (512,512,1)
574 2 (512,512,1)
575 2 (512,512,1)
576 2 (512,512,1)
577 2 (512,512,1)
578 2 (512,512,1)
579 2 (512,512,1)
580 2 (512,512,1)
581 2 (512,512,1)
582 2 (512,512,1)
583 2 (512,512,1)
584 2 (512,512,1)
585 2 (512,512,1)
586 2 (512,512,1)
587 2 (512,512,1)
588 2 (512,512,1)
589 2 (512,512,1)
590 2 (512,512,1)
591 2 (512,512,1)
592 2 (512,512,1)
593 2 (512,512,1)
594 2 (512,512,1)
595 2 (512,512,1)
596 2 (512,512,1)
597 2 (512,512,1)
598 2 (512,512,1)
599 2 (512,512,1)
600 2 (512,512,1)
601 2 (512,512,1)
602 2 (512,512,1)
603 2 (512,512,1)
604 2 (512,512,1)
605 2 (512,512,1)
606 2 (512,512,1)
607 2 (512,512,1)
608 2 (512,512,1)
609 2 (512,512,1)
610 2 (512,512,1)
611 2 (512,512,1)
612 2 (512,512,1)
613 2 (512,512,1)
614 2 (512,512,1)
615 2 (512,512,1)
616 2 (512,512,1)
617 2 (512,512,1)
618 2 (512,512,1)
619 2 (512,512,1)
620 2 (512,512,1)
621 2 (512,512,1)
622 2 (512,512,1)
623 2 (512,512,1)
624 2 (512,512,1)
625 2 (512,512,1)
626 2 (512,512,1)
627 2 (512,512,1)
628 2 (512,512,1)
629 2 (512,512,1)
630 2 (512,512,1)
631 2 (512,512,1)
632 2 (512,512,1)
633 2 (512,512,1)
634 2 (512,512,1)
635 2 (512,512,1)
636 2 (512,512,1)
637 2 (512,512,1)
638 2 (512,512,1)
639 2 (512,512,1)
640 2 (512,512,1)
641 2 (512,512,1)
642 2 (512,512,1)
643 2 (512,512,1)
644 2 (512,512,1)
645 2 (512,512,1)
646 2 (512,512,1)
647 2 (512,512,1)
648 2 (512,512,1)
649 2 (512,512,1)
650 2 (512,512,1)
651 2 (512,512,1)
652 2 (512,512,1)
653 2 (512,512,1)
654 2 (512,512,1)
655 2 (512,512,1)
656 2 (512,512,1)
657 2 (512,512,1)
658 2 (512,512,1)
659 2 (512,512,1)
660 2 (512,512,1)
661 2 (512,512,1)
662 2 (512,512,1)
663 2 (512,512,1)
664 2 (512,512,1)
665 2 (512,512,1)
666 2 (512,512,1)
667 2 (512,512,1)
668 2 (512,512,1)
669 2 (512,512,1)
670 2 (512,512,1)
671 2 (512,512,1)
672 2 (512,512,1)
673 2 (512,512,1)
674 2 (512,512,1)
675 2 (512,512,1)
676 2 (512,512,1)
677 2 (512,512,1)
678 2 (512,512,1)
679 2 (512,512,1)
680 2 (512,512,1)
681 2 (512,512,1)
682 2 (512,512,1)
683 2 (512,512,1)
684 2 (512,512,1)
685 2 (512,512,1)
686 2 (512,512,1)
687 2 (512,512,1)
688 2 (512,512,1)
689 2 (512,512,1)
690 2 (512,512,1)
691 2 (512,512,1)
692 2 (512,512,1)
693 2 (512,512,1)
694 2 (512,512,1)
695 2 (512,512,1)
696 2 (512,512,1)
697 2 (512,512,1)
698 2 (512,512,1)
699 2 (512,512,1)
700 2 (512,512,1)
701 2 (512,512,1)
702 2 (512,512,1)
703 2 (512,512,1)
704 2 (512,512,1)
705 2 (512,512,1)
706 2 (512,512,1)
707 2 (512,512,1)
708 2 (512,512,1)
709 2 (512,512,1)
710 2 (512,512,1)
711 2 (512,512,1)
712 2 (512,512,1)
713 2 (512,512,1)
714 2 (512,512,1)
715 2 (512,512,1)
716 2 (512,512,1)
717 2 (512,512,1)
718 2 (512,512,1)
719 2 (512,512,1)
720 2 (512,512,1)
721 2 (512,512,1)
722 2 (512,512,1)
723 2 (512,512,1)
724 2 (512,512,1)
725 2 (512,512,1)
726 2 (512,512,1)
727 2 (512,512,1)
728 2 (512,512,1)
729 2 (512,512,1)
730 2 (512,512,1)
731 2 (512,512,1)
732 2 (512,512,1)
733 2 (512,512,1)
734 2 (512,512,1)
735 2 (512,512,1)
736 2 (512,512,1)
737 2 (512,512,1)
738 2 (512,512,1)
739 2 (512,512,1)
740 2 (512,512,1)
741 2 (512,512,1)
742 2 (512,512,1)
743 2 (512,512,1)
744 2 (512,512,1)
745 2 (512,512,1)
746 2 (512,512,1)
747 2 (512,512,1)
748 2 (512,512,1)
749 2 (512,512,1)
750 2 (512,512,1)
751 2 (512,512,1)
752 2 (512,512,1)
753 2 (512,512,1)
754 2 (512,512,1)
755 2 (512,512,1)
756 2 (512,512,1)
757 2 (512,512,1)
758 2 (512,512,1)
759 2 (512,512,1)
760 2 (512,512,1)
761 2 (512,512,1)
762 2 (512,512,1)
763 2 (512,512,1)
764 2 (512,512,1)
765 2 (512,512,1)
766 2 (512,512,1)
767 2 (512,512,1)
768 2 (512,512,1)
769 2 (512,512,1)
770 2 (512,512,1)
771 2 (512,512,1)
772 2 (512,512,1)
773 2 (512,512,1)
774 2 (512,512,1)
775 2 (512,512,1)
776 2 (512,512,1)
777 2 (512,512,1)
778 2 (512,512,1)
779 2 (512,512,1)
780 2 (512,512,1)
781 2 (512,512,1)
782 2 (512,512,1)
783 2 (512,512,1)
784 2 (512,512,1)
785 2 (512,512,1)
786 2 (512,512,1)
787 2 (512,512,1)
788 2 (512,512,1)
789 2 (512,512,1)
790 2 (512,512,1)
791 2 (512,512,1)
792 2 (512,512,1)
793 2 (512,512,1)
794 2 (512,512,1)
795 2 (512,512,1)
796 2 (512,512,1)
797 2 (512,512,1)
798 2 (512,512,1)
799 2 (512,512,1)
800 2 (512,512,1)
801 2 (512,512,1)
802 2 (512,512,1)
803 2 (512,512,1)
804 2 (512,512,1)
805 2 (512,512,1)
806 2 (512,512,1)
807 2 (512,512,1)
808 2 (512,512,1)
809 2 (512,512,1)
810 2 (512,512,1)
811 2 (512,512,1)
812 2 (512,512,1)
813 2 (512,512,1)
814 2 (512,512,1)
815 2 (512,512,1)
816 2 (512,512,1)
817 2 (512,512,1)
818 2 (512,512,1)
819 2 (512,512,1)
820 2 (512,512,1)
821 2 (512,512,1)
822 2 (512,512,1)
823 2 (512,512,1)
824 2 (512,512,1)
825 2 (512,512,1)
826 2 (512,512,1)
827 2 (512,512,1)
828 2 (512,512,1)
829 2 (512,512,1)
830 2 (512,512,1)
831 2 (512,512,1)
832 2 (512,512,1)
833 2 (512,512,1)
834 2 (512,512,1)
835 2 (512,512,1)
836 2 (512,512,1)
837 2 (512,512,1)
838 2 (512,512,1)
839 2 (512,512,1)
840 2 (512,512,1)
841 2 (512,512,1)
842 2 (512,512,1)
843 2 (512,512,1)
844 2 (512,512,1)
845 2 (512,512,1)
846 2 (512,512,1)
847 2 (512,512,1)
848 2 (512,512,1)
849 2 (512,512,1)
850 2 (512,512,1)
851 2 (512,512,1)
852 2 (512,512,1)
853 2 (512,512,1)
854 2 (512,512,1)
855 2 (512,512,1)
856 2 (512,512,1)
857 2 (512,512,1)
858 2 (512,512,1)
859 2 (512,512,1)
860 2 (512,512,1)
861 2 (512,512,1)
862 2 (512,512,1)
863 2 (512,512,1)
864 2 (512,512,1)
865 2 (512,512,1)
866 2 (512,512,1)
867 2 (512,512,1)
868 2 (512,512,1)
869 2 (512,512,1)
870 2 (512,512,1)
871 2 (512,512,1)
872 2 (512,512,1)
873 2 (512,512,1)
874 2 (512,512,1)
875 2 (512,512,1)
876 2 (512,512,1)
877 2 (512,512,1)
878 2 (512,512,1)
879 2 (512,512,1)
880 2 (512,512,1)
881 2 (512,512,1)
882 2 (512,512,1)
883 2 (512,512,1)
884 2 (512,512,1)
885 2 (512,512,1)
886 2 (512,512,1)
887 2 (512,512,1)
888 2 (512,512,1)
889 2 (512,512,1)
890 2 (512,512,1)
891 2 (512,512,1)
892 2 (512,512,1)
893 2 (512,512,1)
894 2 (512,512,1)
895 2 (512,512,1)
896 2 (512,512,1)
897 2 (512,512,1)
898 2 (512,512,1)
899 2 (512,512,1)
900 2 (512,512,1)