000 5 (512,512,1)
001 5 (512,512,1)
002 5 (512,512,1)
003 5 (512,512,1)
004 5 (512,512,1)
005 5 (512,512,1)
006 5 (512,512,1)
007 5 (512,512,1)
008 5 (512,512,1)
009 5 (512,512,1)
010 5 (512,512,1)
011 5 (512,512,1)
012 5 (512,512,1)
013 5 (512,512,1)
014 5 (512,512,1)
015 5 (512,512,1)
016 5 (512,512,1)
017 5 (512,512,1)
018 5 (512,512,1)
019 5 (512,512,1)
020 5 (512,512,1)
021 5 (512,512,1)
022 5 (512,512,1)
023 5 (512,512,1)
024 5 (512,512,1)
025 5 (512,512,1)
026 5 (512,512,1)
027 5 (512,512,1)
028 5 (512,512,1)
029 5 (512,512,1)
030 5 (512,512,1)
031 5 (512,512,1)
032 5 (512,512,1)
033 5 (512,512,1)
034 5 (512,512,1)
035 5 (512,512,1)
036 5 (512,512,1)
037 5 (512,512,1)
038 5 (512,512,1)
039 5 (512,512,1)
040 5 (512,512,1)
041 5 (512,512,1)
042 5 (512,512,1)
043 5 (512,512,1)
044 5 (512,512,1)
045 5 (512,512,1)
046 5 (512,512,1)
047 5 (512,512,1)
048 5 (512,512,1)
049 5 (512,512,1)
050 5 (512,512,1)
051 5 (512,512,1)
052 5 (512,512,1)
053 5 (512,512,1)
054 5 (512,512,1)
055 5 (512,512,1)
056 5 (512,512,1)
057 5 (512,512,1)
058 5 (512,512,1)
059 5 (512,512,1)
060 5 (512,512,1)
061 5 (512,512,1)
062 5 (512,512,1)
063 5 (512,512,1)
064 5 (512,512,1)
065 5 (512,512,1)
066 5 (512,512,1)
067 5 (512,512,1)
068 5 (512,512,1)
069 5 (512,512,1)
070 5 (512,512,1)
071 5 (512,512,1)
072 5 (512,512,1)
073 5 (512,512,1)
074 5 (512,512,1)
075 5 (512,512,1)
076 5 (512,512,1)
077 5 (512,512,1)
078 5 (512,512,1)
079 5 (512,512,1)
080 5 (512,512,1)
081 5 (512,512,1)
082 5 (512,512,1)
083 5 (512,512,1)
084 5 (512,512,1)
085 5 (512,512,1)
086 5 (512,512,1)
087 5 (512,512,1)
088 5 (512,512,1)
089 5 (512,512,1)
090 5 (512,512,1)
091 5 (512,512,1)
092 5 (512,512,1)
093 5 (512,512,1)
094 5 (512,512,1)
095 5 (512,512,1)
096 5 (512,512,1)
097 5 (512,512,1)
098 5 (512,512,1)
099 5 (512,512,1)
100 5 (512,512,1)
101 5 (512,512,1)
102 5 (512,512,1)
103 5 (512,512,1)
104 5 (512,512,1)
105 5 (512,512,1)
106 5 (512,512,1)
107 5 (512,512,1)
108 5 (512,512,1)
109 5 (512,512,1)
110 5 (512,512,1)
111 5 (512,512,1)
112 5 (512,512,1)
113 5 (512,512,1)
114 5 (512,512,1)
115 5 (512,512,1)
116 5 (512,512,1)
117 5 (512,512,1)
118 5 (512,512,1)
119 5 (512,512,1)
120 5 (512,512,1)
121 5 (512,512,1)
122 5 (512,512,1)
123 5 (512,512,1)
124 5 (512,512,1)
125 5 (512,512,1)
126 5 (512,512,1)
127 5 (512,512,1)
128 5 (512,512,1)
129 5 (512,512,1)
130 5 (512,512,1)
131 5 (512,512,1)
132 5 (512,512,1)
133 5 (512,512,1)
134 5 (512,512,1)
135 5 (512,512,1)
136 5 (512,512,1)
137 5 (512,512,1)
138 5 (512,512,1)
139 5 (512,512,1)
140 5 (512,512,1)
141 5 (512,512,1)
142 5 (512,512,1)
143 5 (512,512,1)
144 5 (512,512,1)
145 5 (512,512,1)
146 5 (512,512,1)
147 5 (512,512,1)
148 5 (512,512,1)
149 5 (512,512,1)
150 5 (512,512,1)
151 5 (512,512,1)
152 5 (512,512,1)
153 5 (512,512,1)
154 5 (512,512,1)
155 5 (512,512,1)
156 5 (512,512,1)
157 5 (512,512,1)
158 5 (512,512,1)
159 5 (512,512,1)
160 5 (512,512,1)
161 5 (512,512,1)
162 5 (512,512,1)
163 5 (512,512,1)
164 5 (512,512,1)
165 5 (512,512,1)
166 5 (512,512,1)
167 5 (512,512,1)
168 5 (512,512,1)
169 5 (512,512,1)
170 5 (512,512,1)
171 5 (512,512,1)
172 5 (512,512,1)
173 5 (512,512,1)
174 5 (512,512,1)
175 5 (512,512,1)
176 5 (512,512,1)
177 5 (512,512,1)
178 5 (512,512,1)
179 5 (512,512,1)
180 5 (512,512,1)
181 5 (512,512,1)
182 5 (512,512,1)
183 5 (512,512,1)
184 5 (512,512,1)
185 5 (512,512,1)
186 5 (512,512,1)
187 5 (512,512,1)
188 5 (512,512,1)
189 5 (512,512,1)
190 5 (512,512,1)
191 5 (512,512,1)
192 5 (512,512,1)
193 5 (512,512,1)
194 5 (512,512,1)
195 5 (512,512,1)
196 5 (512,512,1)
197 5 (512,512,1)
198 5 (512,512,1)
199 5 (512,512,1)
200 5 (512,512,1)
201 5 (512,512,1)
202 5 (512,512,1)
203 5 (512,512,1)
204 5 (512,512,1)
205 5 (512,512,1)
206 5 (512,512,1)
207 5 (512,512,1)
208 5 (512,512,1)
209 5 (512,512,1)
210 5 (512,512,1)
211 5 (512,512,1)
212 5 (512,512,1)
213 5 (512,512,1)
214 5 (512,512,1)
215 5 (512,512,1)
216 5 (512,512,1)
217 5 (512,512,1)
218 5 (512,512,1)
219 5 (512,512,1)
220 5 (512,512,1)
221 5 (512,512,1)
222 5 (512,512,1)
223 5 (512,512,1)
224 5 (512,512,1)
225 5 (512,512,1)
226 5 (512,512,1)
227 5 (512,512,1)
228 5 (512,512,1)
229 5 (512,512,1)
230 5 (512,512,1)
231 5 (512,512,1)
232 5 (512,512,1)
233 5 (512,512,1)
234 5 (512,512,1)
235 5 (512,512,1)
236 5 (512,512,1)
237 5 (512,512,1)
238 5 (512,512,1)
239 5 (512,512,1)
240 5 (512,512,1)
241 5 (512,512,1)
242 5 (512,512,1)
243 5 (512,512,1)
244 5 (512,512,1)
245 5 (512,512,1)
246 5 (512,512,1)
247 5 (512,512,1)
248 5 (512,512,1)
249 5 (512,512,1)
250 5 (512,512,1)
251 5 (512,512,1)
252 5 (512,512,1)
253 5 (512,512,1)
254 5 (512,512,1)
255 5 (512,512,1)
256 5 (512,512,1)
257 5 (512,512,1)
258 5 (512,512,1)
259 5 (512,512,1)
260 5 (512,512,1)
261 5 (512,512,1)
262 5 (512,512,1)
263 5 (512,512,1)
264 5 (512,512,1)
265 5 (512,512,1)
266 5 (512,512,1)
267 5 (512,512,1)
268 5 (512,512,1)
269 5 (512,512,1)
270 5 (512,512,1)
271 5 (512,512,1)
272 5 (512,512,1)
273 5 (512,512,1)
274 5 (512,512,1)
275 5 (512,512,1)
276 5 (512,512,1)
277 5 (512,512,1)
278 5 (512,512,1)
279 5 (512,512,1)
280 5 (512,512,1)
281 5 (512,512,1)
282 5 (512,512,1)
283 5 (512,512,1)
284 5 (512,512,1)
285 5 (512,512,1)
286 5 (512,512,1)
287 5 (512,512,1)
288 5 (512,512,1)
289 5 (512,512,1)
290 5 (512,512,1)
291 5 (512,512,1)
292 5 (512,512,1)
293 5 (512,512,1)
294 5 (512,512,1)
295 5 (512,512,1)
296 5 (512,512,1)
297 5 (512,512,1)
298 5 (512,512,1)
299 5 (512,512,1)
300 5 (512,512,1)
301 5 (512,512,1)
302 5 (512,512,1)
303 5 (512,512,1)
304 5 (512,512,1)
305 5 (512,512,1)
306 5 (512,512,1)
307 5 (512,512,1)
308 5 (512,512,1)
309 5 (512,512,1)
310 5 (512,512,1)
311 5 (512,512,1)
312 5 (512,512,1)
313 5 (512,512,1)
314 5 (512,512,1)
315 5 (512,512,1)
316 5 (512,512,1)
317 5 (512,512,1)
318 5 (512,512,1)
319 5 (512,512,1)
320 5 (512,512,1)
321 5 (512,512,1)
322 5 (512,512,1)
323 5 (512,512,1)
324 5 (512,512,1)
325 5 (512,512,1)
326 5 (512,512,1)
327 5 (512,512,1)
328 5 (512,512,1)
329 5 (512,512,1)
330 5 (512,512,1)
331 5 (512,512,1)
332 5 (512,512,1)
333 5 (512,512,1)
334 5 (512,512,1)
335 5 (512,512,1)
336 5 (512,512,1)
337 5 (512,512,1)
338 5 (512,512,1)
339 5 (512,512,1)
340 5 (512,512,1)
341 5 (512,512,1)
342 5 (512,512,1)
343 5 (512,512,1)
344 5 (512,512,1)
345 5 (512,512,1)
346 5 (512,512,1)
347 5 (512,512,1)
348 5 (512,512,1)
349 5 (512,512,1)
350 5 (512,512,1)
351 5 (512,512,1)
352 5 (512,512,1)
353 5 (512,512,1)
354 5 (512,512,1)
355 5 (512,512,1)
356 5 (512,512,1)
357 5 (512,512,1)
358 5 (512,512,1)
359 5 (512,512,1)
360 5 (512,512,1)
361 5 (512,512,1)
362 5 (512,512,1)
363 5 (512,512,1)
364 5 (512,512,1)
365 5 (512,512,1)
366 5 (512,512,1)
367 5 (512,512,1)
368 5 (512,512,1)
369 5 (512,512,1)
370 5 (512,512,1)
371 5 (512,512,1)
372 5 (512,512,1)
373 5 (512,512,1)
374 5 (512,512,1)
375 5 (512,512,1)
376 5 (512,512,1)
377 5 (512,512,1)
378 5 (512,512,1)
379 5 (512,512,1)
380 5 (512,512,1)
381 5 (512,512,1)
382 5 (512,512,1)
383 5 (512,512,1)
384 5 (512,512,1)
385 5 (512,512,1)
386 5 (512,512,1)
387 5 (512,512,1)
388 5 (512,512,1)
389 5 (512,512,1)
390 5 (512,512,1)
391 5 (512,512,1)
392 5 (512,512,1)
393 5 (512,512,1)
394 5 (512,512,1)
395 5 (512,512,1)
396 5 (512,512,1)
397 5 (512,512,1)
398 5 (512,512,1)
399 5 (512,512,1)
400 5 (512,512,1)
401 5 (512,512,1)
402 5 (512,512,1)
403 5 (512,512,1)
404 5 (512,512,1)
405 5 (512,512,1)
406 5 (512,512,1)
407 5 (512,512,1)
408 5 (512,512,1)
409 5 (512,512,1)
410 5 (512,512,1)
411 5 (512,512,1)
412 5 (512,512,1)
413 5 (512,512,1)
414 5 (512,512,1)
415 5 (512,512,1)
416 5 (512,512,1)
417 5 (512,512,1)
418 5 (512,512,1)
419 5 (512,512,1)
420 5 (512,512,1)
421 5 (512,512,1)
422 5 (512,512,1)
423 5 (512,512,1)
424 5 (512,512,1)
425 5 (512,512,1)
426 5 (512,512,1)
427 5 (512,512,1)
428 5 (512,512,1)
429 5 (512,512,1)
430 5 (512,512,1)
431 5 (512,512,1)
432 5 (512,512,1)
433 5 (512,512,1)
434 5 (512,512,1)
435 5 (512,512,1)
436 5 (512,512,1)
437 5 (512,512,1)
438 5 (512,512,1)
439 5 (512,512,1)
440 5 (512,512,1)
441 5 (512,512,1)
442 5 (512,512,1)
443 5 (512,512,1)
444 5 (512,512,1)
445 5 (512,512,1)
446 5 (512,512,1)
447 5 (512,512,1)
448 5 (512,512,1)
449 5 (512,512,1)
450 5 (512,512,1)
451 5 (512,512,1)
452 5 (512,512,1)
453 5 (512,512,1)
454 5 (512,512,1)
455 5 (512,512,1)
456 5 (512,512,1)
457 5 (512,512,1)
458 5 (512,512,1)
459 5 (512,512,1)
460 5 (512,512,1)
461 5 (512,512,1)
462 5 (512,512,1)
463 5 (512,512,1)
464 5 (512,512,1)
465 5 (512,512,1)
466 5 (512,512,1)
467 5 (512,512,1)
468 5 (512,512,1)
469 5 (512,512,1)
470 5 (512,512,1)
471 5 (512,512,1)
472 5 (512,512,1)
473 5 (512,512,1)
474 5 (512,512,1)
475 5 (512,512,1)
476 5 (512,512,1)
477 5 (512,512,1)
478 5 (512,512,1)
479 5 (512,512,1)
480 5 (512,512,1)
481 5 (512,512,1)
482 5 (512,512,1)
483 5 (512,512,1)
484 5 (512,512,1)
485 5 (512,512,1)
486 5 (512,512,1)
487 5 (512,512,1)
488 5 (512,512,1)
489 5 (512,512,1)
490 5 (512,512,1)
491 5 (512,512,1)
492 5 (512,512,1)
493 5 (512,512,1)
494 5 (512,512,1)
495 5 (512,512,1)
496 5 (512,512,1)
497 5 (512,512,1)
498 5 (512,512,1)
499 5 (512,512,1)
500 5 (512,512,1)
501 5 (512,512,1)
502 5 (512,512,1)
503 5 (512,512,1)
504 5 (512,512,1)
505 5 (512,512,1)
506 5 (512,512,1)
507 5 (512,512,1)
508 5 (512,512,1)
509 5 (512,512,1)
510 5 (512,512,1)
511 5 (512,512,1)
512 5 (512,512,1)
513 5 (512,512,1)
514 5 (512,512,1)
515 5 (512,512,1)
516 5 (512,512,1)
517 5 (512,512,1)
518 5 (512,512,1)
519 5 (512,512,1)
520 5 (512,512,1)
521 5 (512,512,1)
522 5 (512,512,1)
523 5 (512,512,1)
524 5 (512,512,1)
525 5 (512,512,1)
526 5 (512,512,1)
527 5 (512,512,1)
528 5 (512,512,1)
529 5 (512,512,1)
530 5 (512,512,1)
531 5 (512,512,1)
532 5 (512,512,1)
533 5 (512,512,1)
534 5 (512,512,1)
535 5 (512,512,1)
536 5 (512,512,1)
537 5 (512,512,1)
538 5 (512,512,1)
539 5 (512,512,1)
540 5 (512,512,1)
541 5 (512,512,1)
542 5 (512,512,1)
543 5 (512,512,1)
544 5 (512,512,1)
545 5 (512,512,1)
546 5 (512,512,1)
547 5 (512,512,1)
548 5 (512,512,1)
549 5 (512,512,1)
550 5 (512,512,1)
551 5 (512,512,1)
552 5 (512,512,1)
553 5 (512,512,1)
554 5 (512,512,1)
555 5 (512,512,1)
556 5 (512,512,1)
557 5 (512,512,1)
558 5 (512,512,1)
559 5 (512,512,1)
560 5 (512,512,1)
561 5 (512,512,1)
562 5 (512,512,1)
563 5 (512,512,1)
564 5 (512,512,1)
565 5 (512,512,1)
566 5 (512,512,1)
567 5 (512,512,1)
568 5 (512,512,1)
569 5 (512,512,1)
570 5 (512,512,1)
571 5 (512,512,1)
572 5 (512,512,1)
573 5 (512,512,1)
574 5 (512,512,1)
575 5 (512,512,1)
576 5 (512,512,1)
577 5 (512,512,1)
578 5 (512,512,1)
579 5 (512,512,1)
580 5 (512,512,1)
581 5 (512,512,1)
582 5 (512,512,1)
583 5 (512,512,1)
584 5 (512,512,1)
585 5 (512,512,1)
586 5 (512,512,1)
587 5 (512,512,1)
588 5 (512,512,1)
589 5 (512,512,1)
590 5 (512,512,1)
591 5 (512,512,1)
592 5 (512,512,1)
593 5 (512,512,1)
594 5 (512,512,1)
595 5 (512,512,1)
596 5 (512,512,1)
597 5 (512,512,1)
598 5 (512,512,1)
599 5 (512,512,1)
600 5 (512,512,1)
601 5 (512,512,1)
602 5 (512,512,1)
603 5 (512,512,1)
604 5 (512,512,1)
605 5 (512,512,1)
606 5 (512,512,1)
607 5 (512,512,1)
608 5 (512,512,1)
609 5 (512,512,1)
610 5 (512,512,1)
611 5 (512,512,1)
612 5 (512,512,1)
613 5 (512,512,1)
614 5 (512,512,1)
615 5 (512,512,1)
616 5 (512,512,1)
617 5 (512,512,1)
618 5 (512,512,1)
619 5 (512,512,1)
620 5 (512,512,1)
621 5 (512,512,1)
622 5 (512,512,1)
623 5 (512,512,1)
624 5 (512,512,1)
625 5 (512,512,1)
626 5 (512,512,1)
627 5 (512,512,1)
628 5 (512,512,1)
629 5 (512,512,1)
630 5 (512,512,1)
631 5 (512,512,1)
632 5 (512,512,1)
633 5 (512,512,1)
634 5 (512,512,1)
635 5 (512,512,1)
636 5 (512,512,1)
637 5 (512,512,1)
638 5 (512,512,1)
639 5 (512,512,1)
640 5 (512,512,1)
641 5 (512,512,1)
642 5 (512,512,1)
643 5 (512,512,1)
644 5 (512,512,1)
645 5 (512,512,1)
646 5 (512,512,1)
647 5 (512,512,1)
648 5 (512,512,1)
649 5 (512,512,1)
650 5 (512,512,1)
651 5 (512,512,1)
652 5 (512,512,1)
653 5 (512,512,1)
654 5 (512,512,1)
655 5 (512,512,1)
656 5 (512,512,1)
657 5 (512,512,1)
658 5 (512,512,1)
659 5 (512,512,1)
660 5 (512,512,1)
661 5 (512,512,1)
662 5 (512,512,1)
663 5 (512,512,1)
664 5 (512,512,1)
665 5 (512,512,1)
666 5 (512,512,1)
667 5 (512,512,1)
668 5 (512,512,1)
669 5 (512,512,1)
670 5 (512,512,1)
671 5 (512,512,1)
672 5 (512,512,1)
673 5 (512,512,1)
674 5 (512,512,1)
675 5 (512,512,1)
676 5 (512,512,1)
677 5 (512,512,1)
678 5 (512,512,1)
679 5 (512,512,1)
680 5 (512,512,1)
681 5 (512,512,1)
682 5 (512,512,1)
683 5 (512,512,1)
684 5 (512,512,1)
685 5 (512,512,1)
686 5 (512,512,1)
687 5 (512,512,1)
688 5 (512,512,1)
689 5 (512,512,1)
690 5 (512,512,1)
691 5 (512,512,1)
692 5 (512,512,1)
693 5 (512,512,1)
694 5 (512,512,1)
695 5 (512,512,1)
696 5 (512,512,1)
697 5 (512,512,1)
698 5 (512,512,1)
699 5 (512,512,1)
700 5 (512,512,1)
701 5 (512,512,1)
702 5 (512,512,1)
703 5 (512,512,1)
704 5 (512,512,1)
705 5 (512,512,1)
706 5 (512,512,1)
707 5 (512,512,1)
708 5 (512,512,1)
709 5 (512,512,1)
710 5 (512,512,1)
711 5 (512,512,1)
712 5 (512,512,1)
713 5 (512,512,1)
714 5 (512,512,1)
715 5 (512,512,1)
716 5 (512,512,1)
717 5 (512,512,1)
718 5 (512,512,1)
719 5 (512,512,1)
720 5 (512,512,1)
721 5 (512,512,1)
722 5 (512,512,1)
723 5 (512,512,1)
724 5 (512,512,1)
725 5 (512,512,1)
726 5 (512,512,1)
727 5 (512,512,1)
728 5 (512,512,1)
729 5 (512,512,1)
730 5 (512,512,1)
731 5 (512,512,1)
732 5 (512,512,1)
733 5 (512,512,1)
734 5 (512,512,1)
735 5 (512,512,1)
736 5 (512,512,1)
737 5 (512,512,1)
738 5 (512,512,1)
739 5 (512,512,1)
740 5 (512,512,1)
741 5 (512,512,1)
742 5 (512,512,1)
743 5 (512,512,1)
744 5 (512,512,1)
745 5 (512,512,1)
746 5 (512,512,1)
747 5 (512,512,1)
748 5 (512,512,1)
749 5 (512,512,1)
750 5 (512,512,1)
751 5 (512,512,1)
752 5 (512,512,1)
753 5 (512,512,1)
754 5 (512,512,1)
755 5 (512,512,1)
756 5 (512,512,1)
757 5 (512,512,1)
758 5 (512,512,1)
759 5 (512,512,1)
760 5 (512,512,1)
761 5 (512,512,1)
762 5 (512,512,1)
763 5 (512,512,1)
764 5 (512,512,1)
765 5 (512,512,1)
766 5 (512,512,1)
767 5 (512,512,1)
768 5 (512,512,1)
769 5 (512,512,1)
770 5 (512,512,1)
771 5 (512,512,1)
772 5 (512,512,1)
773 5 (512,512,1)
774 5 (512,512,1)
775 5 (512,512,1)
776 5 (512,512,1)
777 5 (512,512,1)
778 5 (512,512,1)
779 5 (512,512,1)
780 5 (512,512,1)
781 5 (512,512,1)
782 5 (512,512,1)
783 5 (512,512,1)
784 5 (512,512,1)
785 5 (512,512,1)
786 5 (512,512,1)
787 5 (512,512,1)
788 5 (512,512,1)
789 5 (512,512,1)
790 5 (512,512,1)
791 5 (512,512,1)
792 5 (512,512,1)
793 5 (512,512,1)
794 5 (512,512,1)
795 5 (512,512,1)
796 5 (512,512,1)
797 5 (512,512,1)
798 5 (512,512,1)
799 5 (512,512,1)
800 5 (512,512,1)
801 5 (512,512,1)
802 5 (512,512,1)
803 5 (512,512,1)
804 5 (512,512,1)
805 5 (512,512,1)
806 5 (512,512,1)
807 5 (512,512,1)
808 5 (512,512,1)
809 5 (512,512,1)
810 5 (512,512,1)
811 5 (512,512,1)
812 5 (512,512,1)
813 5 (512,512,1)
814 5 (512,512,1)
815 5 (512,512,1)
816 5 (512,512,1)
817 5 (512,512,1)
818 5 (512,512,1)
819 5 (512,512,1)
820 5 (512,512,1)
821 5 (512,512,1)
822 5 (512,512,1)
823 5 (512,512,1)
824 5 (512,512,1)
825 5 (512,512,1)
826 5 (512,512,1)
827 5 (512,512,1)
828 5 (512,512,1)
829 5 (512,512,1)
830 5 (512,512,1)
831 5 (512,512,1)
832 5 (512,512,1)
833 5 (512,512,1)
834 5 (512,512,1)
835 5 (512,512,1)
836 5 (512,512,1)
837 5 (512,512,1)
838 5 (512,512,1)
839 5 (512,512,1)
840 5 (512,512,1)
841 5 (512,512,1)
842 5 (512,512,1)
843 5 (512,512,1)
844 5 (512,512,1)
845 5 (512,512,1)
846 5 (512,512,1)
847 5 (512,512,1)
848 5 (512,512,1)
849 5 (512,512,1)
850 5 (512,512,1)
851 5 (512,512,1)
852 5 (512,512,1)
853 5 (512,512,1)
854 5 (512,512,1)
855 5 (512,512,1)
856 5 (512,512,1)
857 5 (512,512,1)
858 5 (512,512,1)
859 5 (512,512,1)
860 5 (512,512,1)
861 5 (512,512,1)
862 5 (512,512,1)
863 5 (512,512,1)
864 5 (512,512,1)
865 5 (512,512,1)
866 5 (512,512,1)
867 5 (512,512,1)
868 5 (512,512,1)
869 5 (512,512,1)
870 5 (512,512,1)
871 5 (512,512,1)
872 5 (512,512,1)
873 5 (512,512,1)
874 5 (512,512,1)
875 5 (512,512,1)
876 5 (512,512,1)
877 5 (512,512,1)
878 5 (512,512,1)
879 5 (512,512,1)
880 5 (512,512,1)
881 5 (512,512,1)
882 5 (512,512,1)
883 5 (512,512,1)
884 5 (512,512,1)
885 5 (512,512,1)
886 5 (512,512,1)
887 5 (512,512,1)
888 5 (512,512,1)
889 5 (512,512,1)
890 5 (512,512,1)
891 5 (512,512,1)
892 5 (512,512,1)
893 5 (512,512,1)
894 5 (512,512,1)
895 5 (512,512,1)
896 5 (512,512,1)
897 5 (512,512,1)
898 5 (512,512,1)
899 5 (512,512,1)
900 5 (512,512,1)
901 5 (512,512,1)
902 5 (512,512,1)
903 5 (512,512,1)
904 5 (512,512,1)
905 5 (512,512,1)
906 5 (512,512,1)
907 5 (512,512,1)
908 5 (512,512,1)
909 5 (512,512,1)
910 5 (512,512,1)
911 5 (512,512,1)
912 5 (512,512,1)
913 5 (512,512,1)
914 5 (512,512,1)
915 5 (512,512,1)
916 5 (512,512,1)
917 5 (512,512,1)
918 5 (512,512,1)
919 5 (512,512,1)
920 5 (512,512,1)
921 5 (512,512,1)
922 5 (512,512,1)
923 5 (512,512,1)
924 5 (512,512,1)
925 5 (512,512,1)
926 5 (512,512,1)
927 5 (512,512,1)
928 5 (512,512,1)
929 5 (512,512,1)
930 5 (512,512,1)
931 5 (512,512,1)
932 5 (512,512,1)
933 5 (512,512,1)
934 5 (512,512,1)
935 5 (512,512,1)
936 5 (512,512,1)
937 5 (512,512,1)
938 5 (512,512,1)
939 5 (512,512,1)
940 5 (512,512,1)
941 5 (512,512,1)
942 5 (512,512,1)
943 5 (512,512,1)
944 5 (512,512,1)
945 5 (512,512,1)
946 5 (512,512,1)
947 5 (512,512,1)
948 5 (512,512,1)
949 5 (512,512,1)
950 5 (512,512,1)
951 5 (512,512,1)
952 5 (512,512,1)
953 5 (512,512,1)
954 5 (512,512,1)
955 5 (512,512,1)
956 5 (512,512,1)
957 5 (512,512,1)
958 5 (512,512,1)
959 5 (512,512,1)
960 5 (512,512,1)
961 5 (512,512,1)
962 5 (512,512,1)
963 5 (512,512,1)
964 5 (512,512,1)
965 5 (512,512,1)
966 5 (512,512,1)
967 5 (512,512,1)
968 5 (512,512,1)
969 5 (512,512,1)
970 5 (512,512,1)
971 5 (512,512,1)
972 5 (512,512,1)
973 5 (512,512,1)
974 5 (512,512,1)
975 5 (512,512,1)
976 5 (512,512,1)
977 5 (512,512,1)
978 5 (512,512,1)
979 5 (512,512,1)
980 5 (512,512,1)
981 5 (512,512,1)
982 5 (512,512,1)
983 5 (512,512,1)
984 5 (512,512,1)
985 5 (512,512,1)
986 5 (512,512,1)
987 5 (512,512,1)
988 5 (512,512,1)
989 5 (512,512,1)
990 5 (512,512,1)
991 5 (512,512,1)
992 5 (512,512,1)
993 5 (512,512,1)
994 5 (512,512,1)
995 5 (512,512,1)
996 5 (512,512,1)
997 5 (512,512,1)
998 5 (512,512,1)
999 5 (512,512,1)
